0 1 1480.6876712328767
0 2 1629.6027397260275
0 3 1300.613698630137
0 4 2347.2657534246578
0 5 453.6082191780822
0 6 904.9397260273972
0 7 538.4410958904109
0 8 1156.1150684931506
0 9 430.8712328767123
0 10 1215.8602739726027
0 11 601.7561643835617
0 12 673.6109589041096
0 13 751.7808219178082
0 14 635.2849315068493
0 15 366.5452054794521
0 16 543.572602739726
0 17 592.3890410958904
0 18 1281.4602739726026
0 19 574.6767123287672
0 20 714.2356164383561
0 21 957.0219178082192
0 22 562.4246575342465
0 23 501.7479452054794
0 24 969.6931506849315
0 25 1402.8027397260273
0 26 542.3972602739726
0 27 532.068493150685
0 28 490.25479452054793
0 29 638.5616438356165
0 30 854.1013698630137
0 31 1047.9342465753425
0 32 680.804945054945
0 33 1127.6383561643836
0 34 966.331506849315
0 35 1182.054794520548
1 0 1105.2602739726028
1 2 554.2438356164383
1 3 1103.4219178082192
1 4 1576.0958904109589
1 5 443.0493150684932
1 6 705.7123287671233
1 7 453.5041095890411
1 8 699.1452054794521
1 9 317.6082191780822
1 10 1325.978082191781
1 11 759.6027397260274
1 12 342.24657534246575
1 13 448.77260273972604
1 14 465.8712328767123
1 15 287.0986301369863
1 16 420.52876712328765
1 17 549.3671232876712
1 18 1245.9232876712329
1 19 474.4438356164384
1 20 462.9506849315068
1 21 359.827397260274
1 22 329.74520547945207
1 23 369.56986301369864
1 24 889.5260273972602
1 25 1063.0109589041097
1 26 392.97534246575344
1 27 374.43013698630136
1 28 333.92602739726027
1 29 503.26027397260276
1 30 698.0438356164384
1 31 690.772602739726
1 32 878.3260273972603
1 33 745.0602739726028
1 34 797.8657534246576
1 35 960.027397260274
2 0 743.517808219178
2 1 505.2904109589041
2 3 413.9123287671233
2 4 1005.9041095890411
2 5 197.93972602739726
2 6 292.4931506849315
2 7 214.73424657534247
2 8 414.372602739726
2 9 172.5150684931507
2 10 374.3041095890411
2 11 224.4794520547945
2 12 233.75616438356164
2 13 304.9095890410959
2 14 223.2821917808219
2 15 165.986301369863
2 16 217.13424657534247
2 17 236.47397260273974
2 18 411.74246575342465
2 19 227.013698630137
2 20 264.5068493150685
2 21 312.12602739726026
2 22 220.37534246575342
2 23 201.1972602739726
2 24 306.65205479452055
2 25 504.0
2 26 214.92602739726027
2 27 198.25205479452055
2 28 208.27671232876713
2 29 225.85753424657534
2 30 256.8958904109589
2 31 375.18630136986303
2 32 252.6164383561644
2 33 402.2520547945206
2 34 331.1808219178082
2 35 328.9095890410959
3 0 564.1945205479452
3 1 567.0164383561644
3 2 280.5178082191781
3 4 1220.2794520547945
3 5 205.16712328767125
3 6 350.64109589041095
3 7 342.0
3 8 299.213698630137
3 9 204.5808219178082
3 10 351.8767123287671
3 11 231.26575342465753
3 12 200.94520547945206
3 13 317.66301369863015
3 14 313.0
3 15 231.18356164383562
3 16 266.9835616438356
3 17 259.1506849315069
3 18 406.0191780821918
3 19 265.2958904109589
3 20 210.72876712328767
3 21 209.08219178082192
3 22 189.5013698630137
3 23 240.32602739726028
3 24 372.18630136986303
3 25 562.9095890410958
3 26 247.3013698630137
3 27 237.04109589041096
3 28 170.83287671232875
3 29 240.65205479452055
3 30 283.9123287671233
3 31 278.85205479452054
3 32 247.1565934065934
3 33 418.2027397260274
3 34 432.3150684931507
3 35 440.1123287671233
4 0 735.5890410958904
4 1 825.1287671232876
4 2 401.6575342465753
4 3 1215.4109589041095
4 5 261.66027397260274
4 6 493.46849315068494
4 7 474.06849315068496
4 8 444.31780821917806
4 9 238.21917808219177
4 10 518.917808219178
4 11 329.83561643835617
4 12 234.29041095890412
4 13 324.3232876712329
4 14 429.0219178082192
4 15 318.84109589041094
4 16 370.14794520547946
4 17 400.3315068493151
4 18 590.1506849315068
4 19 391.3917808219178
4 20 321.75068493150684
4 21 276.28767123287673
4 22 231.67123287671234
4 23 321.0986301369863
4 24 486.6054794520548
4 25 791.6821917808219
4 26 335.4246575342466
4 27 288.43835616438355
4 28 215.5041095890411
4 29 311.75616438356167
4 30 409.6575342465753
4 31 420.6684931506849
4 32 332.4517906336088
4 33 450.21643835616436
4 34 476.2219178082192
4 35 653.0986301369863
5 0 335.1808219178082
5 1 419.3150684931507
5 2 209.60821917808218
5 3 341.9178082191781
5 4 522.5397260273973
5 6 284.67397260273975
5 7 215.84931506849315
5 8 237.34246575342465
5 9 151.36712328767123
5 10 324.73424657534247
5 11 196.0191780821918
5 12 152.4191780821918
5 13 179.16986301369863
5 14 190.4849315068493
5 15 144.86849315068494
5 16 181.34246575342465
5 17 248.18082191780823
5 18 324.53150684931506
5 19 207.5945205479452
5 20 174.67397260273972
5 21 165.72328767123287
5 22 154.2876712328767
5 23 160.5945205479452
5 24 278.3232876712329
5 25 320.958904109589
5 26 166.54794520547946
5 27 154.013698630137
5 28 147.43561643835616
5 29 220.42191780821918
5 30 220.73972602739727
5 31 218.35068493150686
5 32 228.92602739726027
5 33 223.17534246575343
5 34 659.6767123287672
5 35 339.7150684931507
6 0 861.7260273972603
6 1 865.0520547945206
6 2 381.6958904109589
6 3 842.0657534246575
6 4 1130.2082191780821
6 5 307.15890410958906
6 7 431.85479452054796
6 8 499.9917808219178
6 9 286.84657534246577
6 10 619.6383561643836
6 11 327.6054794520548
6 12 259.57260273972605
6 13 293.24931506849316
6 14 396.22739726027396
6 15 254.75616438356164
6 16 336.2630136986301
6 17 433.5342465753425
6 18 615.0082191780822
6 19 458.9397260273973
6 20 323.0931506849315
6 21 294.49041095890414
6 22 236.65479452054794
6 23 288.6931506849315
6 24 633.1890410958904
6 25 710.2602739726027
6 26 303.49041095890414
6 27 272.4164383561644
6 28 254.3890410958904
6 29 545.1342465753424
6 30 446.8904109589041
6 31 419.8493150684931
6 32 386.05753424657536
6 33 406.63835616438354
6 34 592.7178082191781
6 35 1257.5808219178082
7 0 273.2931506849315
7 1 300.4328767123288
7 2 165.45753424657534
7 3 378.94246575342464
7 4 463.6767123287671
7 5 133.2
7 6 255.86575342465753
7 8 189.75342465753425
7 9 145.84657534246574
7 10 204.35068493150686
7 11 138.5945205479452
7 12 129.41643835616438
7 13 153.04657534246576
7 14 258.36986301369865
7 15 131.73150684931508
7 16 160.36438356164385
7 17 164.96164383561643
7 18 224.83835616438355
7 19 173.4904109589041
7 20 135.2
7 21 136.95342465753424
7 22 117.73150684931507
7 23 135.32054794520548
7 24 198.14246575342466
7 25 237.74520547945207
7 26 137.7780821917808
7 27 123.11506849315069
7 28 111.27397260273973
7 29 189.15890410958903
7 30 166.36986301369862
7 31 162.1205479452055
7 32 160.15616438356165
7 33 182.24109589041095
7 34 204.45205479452054
7 35 250.16712328767125
8 0 485.3150684931507
8 1 416.88493150684934
8 2 311.6465753424658
8 3 293.2712328767123
8 4 792.358904109589
8 5 172.15890410958903
8 6 255.8
8 7 176.78630136986303
8 9 161.45753424657534
8 10 321.14246575342463
8 11 188.24657534246575
8 12 188.04931506849314
8 13 213.43287671232878
8 14 193.13972602739727
8 15 142.9945205479452
8 16 180.06301369863013
8 17 207.38630136986302
8 18 333.66301369863015
8 19 207.6931506849315
8 20 368.55890410958904
8 21 198.57260273972602
8 22 162.23287671232876
8 23 158.85753424657534
8 24 241.2821917808219
8 25 366.3534246575342
8 26 161.9808219178082
8 27 171.43287671232878
8 28 318.8712328767123
8 29 186.9753424657534
8 30 219.83835616438355
8 31 407.4986301369863
8 32 228.19452054794522
8 33 327.35616438356163
8 34 272.4027397260274
8 35 296.75068493150684
9 0 226.06849315068493
9 1 237.75342465753425
9 2 149.0
9 3 243.86027397260273
9 4 322.6958904109589
9 5 125.92328767123287
9 6 225.78630136986303
9 7 150.05753424657533
9 8 182.18904109589042
9 10 186.57260273972602
9 11 126.05479452054794
9 12 116.53972602739726
9 13 130.2
9 14 145.43013698630136
9 15 103.06027397260274
9 16 128.8849315068493
9 17 146.23013698630137
9 18 190.73698630136985
9 19 167.92602739726027
9 20 126.61369863013698
9 21 125.14520547945206
9 22 111.01917808219179
9 23 123.96164383561644
9 24 169.1013698630137
9 25 195.2164383561644
9 26 118.91232876712328
9 27 111.96712328767123
9 28 111.84657534246575
9 29 149.80547945205478
9 30 157.23287671232876
9 31 148.62739726027397
9 32 140.6
9 33 145.74520547945207
9 34 173.94794520547944
9 35 220.90684931506848
10 0 731.5698630136986
10 1 1163.9671232876713
10 2 406.1808219178082
10 3 780.4575342465754
10 4 1177.2410958904109
10 5 349.7917808219178
10 6 538.8191780821918
10 7 363.8794520547945
10 8 486.0027397260274
10 9 260.8712328767123
10 11 431.6082191780822
10 12 269.5013698630137
10 13 297.5232876712329
10 14 333.33698630136985
10 15 234.3068493150685
10 16 318.9013698630137
10 17 452.05479452054794
10 18 854.3479452054795
10 19 375.46027397260275
10 20 321.7150684931507
10 21 282.1123287671233
10 22 247.03287671232877
10 23 291.03287671232874
10 24 583.4931506849315
10 25 741.1616438356165
10 26 313.0602739726027
10 27 279.5561643835616
10 28 251.76438356164383
10 29 358.65479452054797
10 30 469.87397260273974
10 31 472.56164383561645
10 32 1355.2904109589042
10 33 518.7150684931507
10 34 585.4356164383562
10 35 643.386301369863
11 0 380.958904109589
11 1 560.386301369863
11 2 229.23835616438356
11 3 366.0219178082192
11 4 688.6931506849315
11 5 183.2958904109589
11 6 256.1315068493151
11 7 188.03287671232877
11 8 257.1315068493151
11 9 146.1972602739726
11 10 392.0
11 12 159.24109589041095
11 13 209.8849315068493
11 14 193.83287671232875
11 15 147.21917808219177
11 16 185.2821917808219
11 17 225.47397260273974
11 18 601.3123287671233
11 19 206.66027397260274
11 20 179.96986301369864
11 21 178.6904109589041
11 22 158.7780821917808
11 23 169.06027397260274
11 24 347.1178082191781
11 25 352.04383561643834
11 26 174.66849315068492
11 27 168.09315068493152
11 28 150.94520547945206
11 29 219.81643835616438
11 30 249.92602739726027
11 31 243.68493150684932
11 32 262.2931506849315
11 33 291.67397260273975
11 34 290.3753424657534
11 35 310.07671232876714
12 0 362.95616438356166
12 1 262.2191780821918
12 2 234.2054794520548
12 3 220.2
12 4 466.1315068493151
12 5 107.6109589041096
12 6 172.06575342465754
12 7 122.18356164383562
12 8 257.83561643835617
12 9 112.87945205479453
12 10 207.13424657534247
12 11 127.67397260273972
12 13 150.6958904109589
12 14 138.01643835616437
12 15 111.56164383561644
12 16 157.58356164383562
12 17 145.08219178082192
12 18 224.8794520547945
12 19 142.17260273972602
12 20 189.24931506849316
12 21 165.53424657534248
12 22 163.77534246575343
12 23 140.9013698630137
12 24 173.66027397260274
12 25 301.0027397260274
12 26 142.86027397260273
12 27 208.25205479452055
12 28 151.34520547945206
12 29 138.85753424657534
12 30 169.72602739726028
12 31 223.13424657534247
12 32 136.8
12 33 209.86027397260273
12 34 180.9150684931507
12 35 195.54794520547946
13 0 545.0493150684931
13 1 522.6082191780822
13 2 389.5917808219178
13 3 378.2821917808219
13 4 962.7041095890411
13 5 183.186301369863
13 6 267.3068493150685
13 7 201.24383561643836
13 8 321.35616438356163
13 9 158.27671232876713
13 10 370.49041095890414
13 11 241.76712328767124
13 12 188.77260273972604
13 14 212.45205479452054
13 15 163.1205479452055
13 16 209.8
13 17 236.1205479452055
13 18 462.7068493150685
13 19 225.6027397260274
13 20 216.32054794520548
13 21 232.9945205479452
13 22 193.72054794520548
13 23 190.81095890410958
13 24 296.2630136986301
13 25 435.9506849315068
13 26 199.6
13 27 192.8904109589041
13 28 181.7945205479452
13 29 213.86301369863014
13 30 273.8931506849315
13 31 310.8
13 32 251.92328767123288
13 33 847.5013698630137
13 34 295.42739726027395
13 35 317.73150684931505
14 0 321.17534246575343
14 1 368.03561643835616
14 2 188.5205479452055
14 3 362.92328767123286
14 4 605.5945205479452
14 5 147.72328767123287
14 6 263.5643835616438
14 7 266.35068493150686
14 8 219.586301369863
14 9 165.75068493150684
14 10 242.44657534246576
14 11 154.25205479452055
14 12 146.1150684931507
14 13 173.93698630136987
14 15 165.1013698630137
14 16 168.3095890410959
14 17 186.06849315068493
14 18 255.6027397260274
14 19 211.8082191780822
14 20 154.3835616438356
14 21 158.06027397260274
14 22 142.35616438356163
14 23 151.34794520547945
14 24 226.25753424657535
14 25 293.3945205479452
14 26 150.67123287671234
14 27 149.63835616438357
14 28 126.59726027397261
14 29 190.6027397260274
14 30 193.55342465753424
14 31 191.75890410958905
14 32 173.8
14 33 212.17808219178082
14 34 239.7013698630137
14 35 282.5123287671233
15 0 106.87123287671233
15 1 101.65753424657534
15 2 67.65479452054795
15 3 128.61917808219178
15 4 198.26849315068492
15 5 29.15890410958904
15 6 74.10958904109589
15 7 54.843835616438355
15 8 72.34794520547945
15 9 30.893150684931506
15 10 71.77534246575343
15 11 38.46027397260274
15 12 38.961643835616435
15 13 37.59452054794521
15 14 77.55068493150685
15 16 88.31506849315069
15 17 50.88219178082192
15 18 89.63835616438357
15 19 46.47671232876712
15 20 46.42465753424658
15 21 53.942465753424656
15 22 33.56986301369863
15 23 61.61643835616438
15 24 71.46027397260274
15 25 110.4
15 26 101.35068493150685
15 27 46.54794520547945
15 28 25.416438356164385
15 29 54.33972602739726
15 30 81.22739726027397
15 31 54.57808219178082
15 32 49.0
15 33 64.1945205479452
15 34 68.36986301369863
15 35 84.2027397260274
16 0 266.85753424657537
16 1 282.18630136986303
16 2 176.813698630137
16 3 268.44931506849315
16 4 527.2684931506849
16 5 120.05479452054794
16 6 183.95890410958904
16 7 145.67397260273972
16 8 170.78630136986303
16 9 120.79452054794521
16 10 201.35068493150686
16 11 131.77534246575343
16 12 138.74246575342465
16 13 137.2958904109589
16 14 150.02191780821917
16 15 152.56438356164384
16 17 138.92054794520547
16 18 222.42739726027398
16 19 145.05205479452056
16 20 132.6904109589041
16 21 131.53698630136986
16 22 128.5972602739726
16 23 226.65479452054794
16 24 180.55616438356165
16 25 445.63287671232877
16 26 275.8493150684931
16 27 224.23013698630137
16 28 105.65479452054795
16 29 142.03013698630136
16 30 165.62739726027397
16 31 167.76438356164383
16 32 149.12876712328767
16 33 188.0054794520548
16 34 185.28493150684932
16 35 215.64657534246575
17 0 300.8876712328767
17 1 391.46849315068494
17 2 193.2082191780822
17 3 300.97534246575344
17 4 504.6794520547945
17 5 198.0904109589041
17 6 282.09589041095893
17 7 192.21369863013697
17 8 223.44657534246576
17 9 145.63835616438357
17 10 304.627397260274
17 11 197.23835616438356
17 12 148.8082191780822
17 13 168.82191780821918
17 14 186.0054794520548
17 15 133.1205479452055
17 16 170.96438356164384
17 18 298.3095890410959
17 19 191.25205479452055
17 20 161.87671232876713
17 21 149.9972602739726
17 22 148.413698630137
17 23 150.85479452054796
17 24 323.53972602739725
17 25 293.5342465753425
17 26 156.2082191780822
17 27 142.2821917808219
17 28 141.7178082191781
17 29 280.46849315068494
17 30 198.97260273972603
17 31 201.75342465753425
17 32 211.4958904109589
17 33 221.36438356164385
17 34 284.9698630136986
17 35 333.96712328767126
18 0 483.35616438356163
18 1 809.6328767123288
18 2 291.66301369863015
18 3 503.9972602739726
18 4 918.6657534246575
18 5 243.55068493150685
18 6 335.986301369863
18 7 242.95342465753424
18 8 349.6356164383562
18 9 188.93972602739726
18 10 540.5808219178082
18 11 380.7013698630137
18 12 204.813698630137
18 13 256.3424657534247
18 14 251.72054794520548
18 15 189.70958904109588
18 16 244.03013698630136
18 17 281.0191780821918
18 19 278.14246575342463
18 20 241.19452054794522
18 21 221.5095890410959
18 22 202.42465753424656
18 23 213.56438356164384
18 24 415.6904109589041
18 25 511.07397260273973
18 26 241.77260273972604
18 27 221.66301369863012
18 28 191.0958904109589
18 29 263.8931506849315
18 30 314.7917808219178
18 31 358.0
18 32 322.54246575342466
18 33 380.36164383561646
18 34 373.3534246575342
18 35 410.5041095890411
19 0 274.5671232876712
19 1 302.7178082191781
19 2 173.8931506849315
19 3 283.4027397260274
19 4 408.09589041095893
19 5 146.4849315068493
19 6 331.82191780821915
19 7 208.52602739726026
19 8 204.0054794520548
19 9 163.96986301369864
19 10 227.02739726027397
19 11 157.75342465753425
19 12 136.3095890410959
19 13 149.81095890410958
19 14 211.63835616438357
19 15 132.45205479452054
19 16 159.3041095890411
19 17 184.42191780821918
19 18 243.22465753424657
19 20 146.5205479452055
19 21 145.75342465753425
19 22 125.96712328767123
19 23 142.07123287671232
19 24 217.57808219178082
19 25 243.7945205479452
19 26 147.5917808219178
19 27 134.75342465753425
19 28 122.43561643835616
19 29 199.64657534246575
19 30 182.61917808219178
19 31 174.16164383561645
19 32 161.45753424657534
19 33 176.3835616438356
19 34 207.77260273972604
19 35 308.2027397260274
20 0 426.027397260274
20 1 390.5123287671233
20 2 303.6027397260274
20 3 284.37808219178083
20 4 777.8986301369863
20 5 156.53972602739725
20 6 244.43013698630136
20 7 170.6821917808219
20 8 478.17808219178085
20 9 147.90684931506848
20 10 280.2054794520548
20 11 176.95616438356166
20 12 189.92054794520547
20 13 205.5150684931507
20 14 179.7945205479452
20 15 146.9753424657534
20 16 179.03835616438357
20 17 199.66301369863012
20 18 311.65479452054797
20 19 187.13150684931506
20 21 186.53424657534248
20 22 170.62191780821917
20 23 160.96986301369864
20 24 238.6931506849315
20 25 372.75068493150684
20 26 161.93150684931507
20 27 157.1150684931507
20 28 252.95342465753424
20 29 180.63835616438357
20 30 214.46301369863014
20 31 511.03287671232874
20 32 214.8876712328767
20 33 265.06849315068496
20 34 260.15342465753423
20 35 263.9945205479452
21 0 535.7287671232876
21 1 352.8027397260274
21 2 379.86301369863014
21 3 295.45205479452056
21 4 837.5835616438357
21 5 150.86575342465753
21 6 227.2876712328767
21 7 177.16164383561645
21 8 268.0712328767123
21 9 155.37534246575342
21 10 276.05753424657536
21 11 176.17808219178082
21 12 194.72876712328767
21 13 237.03287671232877
21 14 199.5972602739726
21 15 144.16438356164383
21 16 185.57534246575344
21 17 194.8958904109589
21 18 308.0109589041096
21 19 192.76712328767124
21 20 190.3095890410959
21 22 232.04931506849314
21 23 173.2109589041096
21 24 251.44931506849315
21 25 375.9780821917808
21 26 170.95068493150686
21 27 181.46301369863014
21 28 161.24657534246575
21 29 183.53972602739725
21 30 229.7068493150685
21 31 269.3150684931507
21 32 195.2967032967033
21 33 302.2
21 34 244.07945205479453
21 35 253.7013698630137
22 0 456.9698630136986
22 1 378.8712328767123
22 2 298.4986301369863
22 3 327.53150684931506
22 4 719.4958904109589
22 5 148.6931506849315
22 6 234.14246575342466
22 7 163.186301369863
22 8 248.4054794520548
22 9 146.9972602739726
22 10 275.0602739726027
22 11 174.34246575342465
22 12 227.44657534246576
22 13 192.42191780821918
22 14 192.61369863013698
22 15 140.9972602739726
22 16 194.58904109589042
22 17 185.04383561643834
22 18 318.53698630136984
22 19 178.26849315068492
22 20 177.52602739726026
22 21 276.0876712328767
22 23 159.35342465753425
22 24 240.3095890410959
22 25 481.63835616438354
22 26 189.51232876712328
22 27 201.6767123287671
22 28 140.64931506849314
22 29 179.15616438356165
22 30 256.6904109589041
22 31 266.43013698630136
22 32 190.08219178082192
22 33 289.1945205479452
22 34 245.77260273972604
22 35 268.2246575342466
23 0 227.28493150684932
23 1 222.3945205479452
23 2 153.12328767123287
23 3 204.47397260273974
23 4 347.91506849315067
23 5 104.85479452054794
23 6 166.33972602739726
23 7 120.47945205479452
23 8 136.24383561643836
23 9 110.51506849315068
23 10 162.06849315068493
23 11 120.73698630136987
23 12 124.44931506849315
23 13 150.72602739726028
23 14 127.52054794520548
23 15 109.37808219178082
23 16 170.15616438356165
23 17 127.0986301369863
23 18 173.34246575342465
23 19 124.58082191780822
23 20 117.74520547945205
23 21 116.08493150684932
23 22 111.35068493150685
23 24 159.91780821917808
23 25 265.7095890410959
23 26 143.94794520547944
23 27 129.2219178082192
23 28 99.93698630136986
23 29 130.81095890410958
23 30 151.6931506849315
23 31 150.35342465753425
23 32 132.85205479452054
23 33 183.68493150684932
23 34 174.7972602739726
23 35 174.43013698630136
24 0 581.4767123287671
24 1 700.6273972602739
24 2 316.2821917808219
24 3 731.3068493150685
24 4 1047.3534246575343
24 5 249.7178082191781
24 6 482.3808219178082
24 7 289.4821917808219
24 8 345.1068493150685
24 9 204.53698630136986
24 10 490.95616438356166
24 11 330.25479452054793
24 12 217.1123287671233
24 13 240.9972602739726
24 14 289.03287671232874
24 15 204.47123287671232
24 16 273.2219178082192
24 17 384.1041095890411
24 18 558.3287671232877
24 19 298.4657534246575
24 20 244.56164383561645
24 21 240.63835616438357
24 22 207.24109589041095
24 23 243.72876712328767
24 25 562.1698630136987
24 26 268.3534246575342
24 27 232.6027397260274
24 28 196.55616438356165
24 29 470.2301369863014
24 30 380.0904109589041
24 31 340.58082191780824
24 32 320.07671232876714
24 33 375.95616438356166
24 34 428.23561643835615
24 35 617.9753424657534
25 0 519.5342465753424
25 1 560.7150684931507
25 2 301.5835616438356
25 3 631.5589041095891
25 4 1024.358904109589
25 5 204.71506849315068
25 6 318.8164383561644
25 7 255.5945205479452
25 8 307.36712328767123
25 9 190.5013698630137
25 10 423.6931506849315
25 11 239.07397260273973
25 12 232.32602739726028
25 13 241.5095890410959
25 14 283.8821917808219
25 15 209.17534246575343
25 16 396.2630136986301
25 17 254.75342465753425
25 18 434.586301369863
25 19 250.5150684931507
25 20 212.91232876712328
25 21 220.93150684931507
25 22 232.55616438356165
25 23 273.1397260273973
25 24 364.76438356164385
25 26 363.67123287671234
25 27 311.5780821917808
25 28 173.2219178082192
25 29 248.9013698630137
25 30 333.50958904109586
25 31 326.1890410958904
25 32 299.8489010989011
25 33 372.0109589041096
25 34 362.90410958904107
25 35 394.9972602739726
26 0 175.6109589041096
26 1 174.84383561643835
26 2 113.51506849315068
26 3 162.29041095890412
26 4 300.0794520547945
26 5 74.96712328767123
26 6 125.47945205479452
26 7 93.28493150684932
26 8 111.90958904109588
26 9 75.4
26 10 123.36164383561643
26 11 88.42191780821918
26 12 95.82191780821918
26 13 95.21917808219177
26 14 115.26575342465753
26 15 145.9808219178082
26 16 240.8849315068493
26 17 88.69041095890411
26 18 138.15616438356165
26 19 95.1041095890411
26 20 83.08493150684932
26 21 92.13150684931507
26 22 84.84383561643835
26 23 118.5095890410959
26 24 115.32602739726028
26 25 237.41643835616438
26 27 118.78630136986301
26 28 71.16712328767123
26 29 99.0931506849315
26 30 115.1917808219178
26 31 104.0931506849315
26 32 90.72328767123288
26 33 124.62739726027397
26 34 118.3917808219178
26 35 132.03835616438357
27 0 193.53698630136986
27 1 185.23287671232876
27 2 125.11506849315069
27 3 174.0082191780822
27 4 274.586301369863
27 5 84.65753424657534
27 6 127.91506849315068
27 7 93.01095890410959
27 8 118.67945205479452
27 9 81.6027397260274
27 10 134.63561643835615
27 11 100.3972602739726
27 12 126.92054794520548
27 13 102.71780821917808
27 14 108.10684931506849
27 15 87.62191780821918
27 16 177.65479452054794
27 17 98.44931506849315
27 18 153.46301369863014
27 19 102.48493150684932
27 20 98.1041095890411
27 21 102.62739726027397
27 22 104.8
27 23 121.94794520547946
27 24 126.67945205479452
27 25 231.16438356164383
27 26 126.44109589041096
27 28 78.13424657534246
27 29 102.1013698630137
27 30 120.57260273972602
27 31 125.2958904109589
27 32 117.54520547945205
27 33 140.3972602739726
27 34 122.97534246575343
27 35 152.5013698630137
28 0 381.5917808219178
28 1 338.9095890410959
28 2 266.03287671232874
28 3 255.63287671232877
28 4 652.5424657534246
28 5 145.1013698630137
28 6 219.13972602739727
28 7 152.65205479452055
28 8 607.6657534246575
28 9 144.0986301369863
28 10 256.5917808219178
28 11 165.1260273972603
28 12 166.33424657534246
28 13 186.82739726027398
28 14 164.84109589041097
28 15 129.15616438356165
28 16 157.4931506849315
28 17 175.73424657534247
28 18 277.9123287671233
28 19 168.35616438356163
28 20 372.06301369863013
28 21 179.47671232876712
28 22 148.4849315068493
28 23 151.60821917808218
28 24 210.03561643835616
28 25 292.2
28 26 146.0082191780822
28 27 142.27123287671233
28 29 166.84109589041097
28 30 196.22465753424657
28 31 342.5917808219178
28 32 190.14520547945204
28 33 262.09589041095893
28 34 227.94794520547944
28 35 245.38630136986302
29 0 440.5232876712329
29 1 475.1945205479452
29 2 258.986301369863
29 3 469.6767123287671
29 4 827.7205479452055
29 5 212.63561643835615
29 6 437.8109589041096
29 7 274.3917808219178
29 8 277.0054794520548
29 9 193.72876712328767
29 10 358.1917808219178
29 11 228.3945205479452
29 12 184.8739726027397
29 13 207.85753424657534
29 14 247.9095890410959
29 15 174.07945205479453
29 16 223.34246575342465
29 17 301.4986301369863
29 18 381.9506849315068
29 19 254.35890410958905
29 20 212.0467032967033
29 21 195.05205479452056
29 22 169.11780821917807
29 23 197.2082191780822
29 24 443.2520547945206
29 25 394.0602739726027
29 26 206.87671232876713
29 27 182.14794520547946
29 28 166.8904109589041
29 30 270.47945205479454
29 31 257.9287671232877
29 32 252.27945205479452
29 33 280.6356164383562
29 34 334.827397260274
29 35 496.3123287671233
30 0 693.2630136986302
30 1 708.1890410958904
30 2 353.03287671232874
30 3 554.4767123287671
30 4 1075.4109589041095
30 5 221.86849315068494
30 6 380.7698630136986
30 7 249.15890410958903
30 8 347.03561643835616
30 9 214.35890410958905
30 10 454.90410958904107
30 11 273.4547945205479
30 12 241.06027397260274
30 13 340.2712328767123
30 14 285.5753424657534
30 15 211.0246575342466
30 16 278.53972602739725
30 17 300.6794520547945
30 18 564.0520547945206
30 19 271.7041095890411
30 20 232.8794520547945
30 21 274.4109589041096
30 22 236.75068493150684
30 23 265.06575342465754
30 24 571.027397260274
30 25 855.0739726027397
30 26 270.827397260274
30 27 245.88219178082193
30 28 195.1260273972603
30 29 293.56986301369864
30 31 382.7780821917808
30 32 306.85753424657537
30 33 479.03287671232874
30 34 421.8109589041096
30 35 437.94520547945206
31 0 373.33972602739726
31 1 372.57260273972605
31 2 287.06849315068496
31 3 271.2904109589041
31 4 676.0438356164384
31 5 155.09315068493152
31 6 225.5150684931507
31 7 162.41095890410958
31 8 405.34520547945203
31 9 133.986301369863
31 10 280.93424657534246
31 11 176.96712328767123
31 12 164.98356164383563
31 13 194.93972602739726
31 14 173.23561643835617
31 15 137.2082191780822
31 16 167.47671232876712
31 17 184.90684931506848
31 18 313.6164383561644
31 19 180.5095890410959
31 20 582.3616438356164
31 21 178.42191780821918
31 22 158.07671232876712
31 23 147.15890410958903
31 24 233.3041095890411
31 25 343.92602739726027
31 26 156.6767123287671
31 27 153.14794520547946
31 28 212.05479452054794
31 29 174.13698630136986
31 30 212.17808219178082
31 32 211.57260273972602
31 33 255.39178082191782
31 34 232.8931506849315
31 35 252.06849315068493
32 0 291.1616438356164
32 1 456.5835616438356
32 2 186.46301369863014
32 3 292.2027397260274
32 4 458.6958904109589
32 5 171.35068493150686
32 6 224.2219178082192
32 7 180.48767123287672
32 8 215.56438356164384
32 9 140.2
32 10 518.4986301369863
32 11 187.07397260273973
32 12 138.6109589041096
32 13 152.9972602739726
32 14 164.04657534246576
32 15 132.44657534246576
32 16 159.3178082191781
32 17 196.81917808219177
32 18 295.75068493150684
32 19 172.47397260273974
32 20 163.92876712328768
32 21 146.9890410958904
32 22 136.83013698630137
32 23 144.16438356164383
32 24 239.6767123287671
32 25 274.52054794520546
32 26 150.73901098901098
32 27 138.93698630136987
32 28 140.86301369863014
32 29 176.4904109589041
32 30 201.83835616438355
32 31 207.0246575342466
32 33 229.55342465753424
32 34 244.55890410958904
32 35 259.8931506849315
33 0 425.0
33 1 434.6575342465753
33 2 279.76438356164385
33 3 329.2246575342466
33 4 849.5397260273973
33 5 167.5041095890411
33 6 245.94246575342467
33 7 182.16986301369863
33 8 312.3534246575342
33 9 138.56164383561645
33 10 317.45205479452056
33 11 210.76986301369863
33 12 169.7013698630137
33 13 466.9068493150685
33 14 195.2109589041096
33 15 146.8027397260274
33 16 188.413698630137
33 17 210.9972602739726
33 18 370.0082191780822
33 19 201.4958904109589
33 20 201.53698630136986
33 21 193.23013698630137
33 22 175.41095890410958
33 23 168.36712328767123
33 24 260.92602739726027
33 25 373.7808219178082
33 26 180.81917808219177
33 27 171.33150684931508
33 28 169.73150684931508
33 29 189.62739726027397
33 30 234.413698630137
33 31 276.56164383561645
33 32 237.66575342465754
33 34 252.58356164383562
33 35 275.55342465753426
34 0 284.1041095890411
34 1 330.52054794520546
34 2 188.96164383561643
34 3 300.15616438356165
34 4 428.66301369863015
34 5 336.6356164383562
34 6 255.5041095890411
34 7 183.1095890410959
34 8 210.35890410958905
34 9 145.18356164383562
34 10 271.54246575342466
34 11 174.47397260273974
34 12 143.92054794520547
34 13 156.4082191780822
34 14 175.5808219178082
34 15 132.5808219178082
34 16 163.7013698630137
34 17 212.47123287671232
34 18 256.4356164383562
34 19 179.8986301369863
34 20 161.84657534246574
34 21 148.33150684931508
34 22 139.0904109589041
34 23 148.03013698630136
34 24 238.4
34 25 268.8027397260274
34 26 154.32876712328766
34 27 141.83287671232875
34 28 136.97808219178083
34 29 189.17260273972602
34 30 191.15342465753426
34 31 193.35068493150686
34 32 200.74794520547945
34 33 196.93698630136987
34 35 328.958904109589
35 0 746.0082191780822
35 1 866.4602739726027
35 2 364.44109589041096
35 3 808.2109589041096
35 4 1189.7287671232878
35 5 300.4821917808219
35 6 1057.0109589041097
35 7 387.9808219178082
35 8 463.04383561643834
35 9 254.3041095890411
35 10 566.1013698630137
35 11 330.1698630136986
35 12 244.75890410958905
35 13 280.95616438356166
35 14 359.827397260274
35 15 235.37260273972603
35 16 306.61095890410957
35 17 422.73972602739724
35 18 582.7671232876712
35 19 445.14246575342463
35 20 297.07397260273973
35 21 269.3972602739726
35 22 229.45753424657534
35 23 268.28767123287673
35 24 712.9780821917808
35 25 668.9232876712329
35 26 287.2109589041096
35 27 256.7178082191781
35 28 236.92328767123288
35 29 573.0
35 30 435.972602739726
35 31 376.05205479452053
35 32 363.65479452054797
35 33 373.0082191780822
35 34 609.027397260274
