0 1 785.8767123287671
0 2 785.8767123287671
0 3 527.7178082191781
0 4 462.15342465753423
0 5 196.78082191780823
0 6 376.8027397260274
0 7 198.4
0 8 549.5671232876713
0 9 156.67945205479452
0 10 516.8630136986301
0 11 293.172602739726
0 12 345.3443526170799
0 13 321.27671232876713
0 14 265.8493150684931
0 15 148.90684931506848
0 16 253.5945205479452
0 17 265.9178082191781
0 18 521.9041095890411
0 19 225.65479452054794
0 20 393.04383561643834
0 21 520.841095890411
0 22 310.3205479452055
0 23 246.186301369863
0 24 418.2027397260274
0 25 620.5369863013699
0 26 205.4958904109589
0 27 232.86301369863014
0 28 283.75342465753425
0 29 277.5972602739726
0 30 351.86301369863014
0 31 564.6528925619834
0 32 296.15616438356165
0 33 573.1150684931507
0 34 411.0493150684932
0 35 527.668493150685
1 0 515.8219178082192
1 2 223.84657534246574
1 3 344.76164383561644
1 4 280.0
1 5 160.90684931506848
1 6 254.6876712328767
1 7 152.1150684931507
1 8 251.12328767123287
1 9 113.35616438356165
1 10 543.4904109589041
1 11 290.16712328767125
1 12 132.66391184573004
1 13 159.51232876712328
1 14 179.4082191780822
1 15 101.85205479452055
1 16 169.97260273972603
1 17 206.95890410958904
1 18 525.6438356164383
1 19 163.64657534246575
1 20 198.93150684931507
1 21 177.94246575342467
1 22 136.45753424657534
1 23 150.5095890410959
1 24 319.72328767123287
1 25 366.3041095890411
1 26 124.9972602739726
1 27 125.89315068493151
1 28 151.4054794520548
1 29 177.19452054794522
1 30 0.0
1 31 284.0303867403315
1 32 308.4767123287671
1 33 325.5780821917808
1 34 416.13698630136986
1 35 327.5835616438356
2 0 657.0027397260274
2 1 275.66301369863015
2 3 153.81643835616438
2 4 142.3890410958904
2 5 81.0054794520548
2 6 139.25205479452055
2 7 85.53698630136986
2 8 301.8821917808219
2 9 74.01369863013699
2 10 160.36164383561643
2 11 109.04109589041096
2 12 134.70798898071627
2 13 174.51232876712328
2 14 101.59452054794521
2 15 74.92328767123287
2 16 100.44931506849315
2 17 101.7013698630137
2 18 179.82191780821918
2 19 92.0986301369863
2 20 134.95890410958904
2 21 185.7972602739726
2 22 103.94246575342466
2 23 88.62739726027397
2 24 139.57260273972602
2 25 192.54246575342466
2 26 82.61917808219178
2 27 87.9041095890411
2 28 178.17808219178082
2 29 101.62465753424658
2 30 124.64657534246575
2 31 181.30939226519337
2 32 106.74520547945205
2 33 214.7890410958904
2 34 136.56712328767122
2 35 153.2109589041096
3 0 196.72602739726028
3 1 182.64931506849314
3 2 92.58630136986301
3 4 303.0
3 5 73.41917808219178
3 6 126.28493150684932
3 7 111.68493150684931
3 8 97.24109589041096
3 9 71.94794520547946
3 10 111.87397260273973
3 11 81.64657534246575
3 12 71.15342465753425
3 13 79.38630136986302
3 14 139.88219178082193
3 15 73.8958904109589
3 16 89.3890410958904
3 17 86.30958904109589
3 18 123.83287671232877
3 19 80.97260273972603
3 20 89.87123287671233
3 21 84.75616438356164
3 22 74.2986301369863
3 23 85.52602739726028
3 24 117.16986301369863
3 25 164.5808219178082
3 26 76.89315068493151
3 27 73.73150684931507
3 28 72.10958904109589
3 29 87.27671232876712
3 30 94.67397260273972
3 31 102.11357340720221
3 32 85.2958904109589
3 33 106.79178082191781
3 34 113.21917808219177
3 35 150.72602739726028
4 0 193.1205479452055
4 1 179.64383561643837
4 2 91.82739726027397
4 3 312.2821917808219
4 5 74.02739726027397
4 6 125.02472527472527
4 7 98.32328767123288
4 8 100.02465753424657
4 9 72.54794520547945
4 10 117.48219178082192
4 11 80.53424657534246
4 12 75.28374655647383
4 13 78.46027397260274
4 14 121.61369863013698
4 15 85.81917808219178
4 16 97.08493150684932
4 17 92.46301369863014
4 18 126.73972602739725
4 19 84.81369863013698
4 20 85.2986301369863
4 21 86.30410958904109
4 22 74.51506849315068
4 23 89.66301369863014
4 24 122.02739726027397
4 25 164.0082191780822
4 26 86.66575342465754
4 27 78.86301369863014
4 28 73.08767123287672
4 29 84.15342465753425
4 30 94.86575342465754
4 31 106.68870523415978
4 32 90.1945205479452
4 33 112.16712328767123
4 34 116.87945205479453
4 35 149.0027397260274
5 0 155.5945205479452
5 1 172.03287671232877
5 2 82.3945205479452
5 3 112.87671232876713
5 4 92.25753424657535
5 6 111.36712328767123
5 7 74.05205479452054
5 8 84.4904109589041
5 9 67.1945205479452
5 10 130.3068493150685
5 11 77.44383561643835
5 12 64.56164383561644
5 13 72.48219178082192
5 14 77.5068493150685
5 15 61.032876712328765
5 16 74.31232876712329
5 17 102.07671232876713
5 18 114.08493150684932
5 19 76.4876712328767
5 20 76.42739726027398
5 21 73.96712328767123
5 22 67.3917808219178
5 23 69.04931506849314
5 24 100.82739726027397
5 25 111.35890410958905
5 26 64.33424657534246
5 27 62.863013698630134
5 28 81.91232876712328
5 29 82.01643835616439
5 30 84.9068493150685
5 31 90.17355371900827
5 32 87.32054794520548
5 33 90.1013698630137
5 34 248.31506849315068
5 35 149.5808219178082
6 0 291.0191780821918
6 1 276.5643835616438
6 2 130.42739726027398
6 3 218.7890410958904
6 4 174.1917808219178
6 5 121.65479452054795
6 7 119.69315068493151
6 8 158.16438356164383
6 9 110.55890410958904
6 10 191.2164383561644
6 11 118.11780821917809
6 12 90.34710743801652
6 13 104.11506849315069
6 14 134.72602739726028
6 15 83.82739726027397
6 16 114.82739726027397
6 17 149.586301369863
6 18 193.5150684931507
6 19 152.23287671232876
6 20 133.2931506849315
6 21 119.6027397260274
6 22 94.6054794520548
6 23 101.94520547945206
6 24 218.2027397260274
6 25 205.55068493150685
6 26 94.03561643835616
6 27 92.79452054794521
6 28 106.63013698630137
6 29 185.2
6 30 151.81917808219177
6 31 154.63259668508286
6 32 139.27397260273972
6 33 159.46301369863014
6 34 243.23287671232876
6 35 441.35616438356163
7 0 115.51780821917808
7 1 115.58904109589041
7 2 65.86027397260274
7 3 139.78082191780823
7 4 111.11780821917809
7 5 58.00547945205479
7 6 92.02465753424657
7 8 69.89315068493151
7 9 59.772602739726025
7 10 77.08219178082192
7 11 59.775342465753425
7 12 49.50684931506849
7 13 58.45205479452055
7 14 85.85753424657534
7 15 53.26849315068493
7 16 64.24657534246575
7 17 68.12054794520547
7 18 79.84109589041095
7 19 66.65753424657534
7 20 60.81643835616438
7 21 63.52602739726027
7 22 53.1972602739726
7 23 58.25205479452055
7 24 76.9068493150685
7 25 88.73698630136987
7 26 53.81643835616438
7 27 53.4027397260274
7 28 54.49041095890411
7 29 73.0958904109589
7 30 72.14520547945206
7 31 69.8236914600551
7 32 63.1945205479452
7 33 71.10684931506849
7 34 78.77260273972603
7 35 95.54520547945205
8 0 234.15342465753426
8 1 171.57808219178082
8 2 116.2904109589041
8 3 101.99178082191781
8 4 95.2958904109589
8 5 64.87397260273973
8 6 107.58630136986301
8 7 65.01369863013699
8 9 67.97808219178083
8 10 111.1013698630137
8 11 72.43287671232876
8 12 76.8986301369863
8 13 80.47945205479452
8 14 78.94246575342466
8 15 60.92602739726028
8 16 73.61643835616438
8 17 74.68219178082192
8 18 111.01095890410959
8 19 73.24109589041096
8 20 179.26027397260273
8 21 85.0986301369863
8 22 69.3890410958904
8 23 67.27397260273973
8 24 89.83287671232877
8 25 119.4
8 26 63.11780821917808
8 27 67.1945205479452
8 28 137.93972602739726
8 29 77.15616438356165
8 30 86.95890410958904
8 31 219.76859504132233
8 32 81.81369863013698
8 33 120.92602739726027
8 34 90.22739726027397
8 35 115.46301369863014
9 0 117.9068493150685
9 1 110.76164383561644
9 2 72.27945205479452
9 3 94.26849315068493
9 4 77.44109589041096
9 5 60.93698630136986
9 6 118.12328767123287
9 7 64.18356164383562
9 8 76.76164383561644
9 10 76.10684931506849
9 11 62.0
9 12 57.93424657534246
9 13 60.942465753424656
9 14 70.3013698630137
9 15 49.6
9 16 65.74520547945205
9 17 69.1972602739726
9 18 86.85753424657534
9 19 67.75616438356164
9 20 64.91232876712328
9 21 65.47123287671234
9 22 58.558904109589044
9 23 60.605479452054794
9 24 76.15342465753425
9 25 84.47123287671234
9 26 57.323287671232876
9 27 54.23013698630137
9 28 62.12054794520548
9 29 69.91232876712328
9 30 71.6027397260274
9 31 70.55371900826447
9 32 66.9972602739726
9 33 70.1041095890411
9 34 76.94794520547946
9 35 108.4931506849315
10 0 229.986301369863
10 1 360.58082191780824
10 2 111.5123287671233
10 3 160.75342465753425
10 4 129.7068493150685
10 5 92.00821917808219
10 6 146.34246575342465
10 7 88.52054794520548
10 8 130.9945205479452
10 9 76.04383561643836
10 11 131.56986301369864
10 12 80.7603305785124
10 13 90.62465753424658
10 14 106.07123287671233
10 15 71.2986301369863
10 16 97.33698630136986
10 17 123.64931506849315
10 18 201.44657534246576
10 19 101.23013698630137
10 20 103.18630136986302
10 21 99.40273972602739
10 22 82.2
10 23 86.69041095890411
10 24 153.03013698630136
10 25 168.1150684931507
10 26 80.96712328767123
10 27 81.01369863013699
10 28 83.63561643835617
10 29 101.25479452054795
10 30 127.82465753424657
10 31 136.65469613259668
10 32 280.67123287671234
10 33 146.95890410958904
10 34 206.82191780821918
10 35 166.03013698630136
11 0 176.75342465753425
11 1 211.81643835616438
11 2 89.4958904109589
11 3 114.52328767123288
11 4 99.34246575342466
11 5 70.96986301369863
11 6 100.3890410958904
11 7 68.62739726027397
11 8 93.18356164383562
11 9 63.62739726027397
11 10 140.42191780821918
11 12 67.18082191780822
11 13 76.68767123287671
11 14 78.69041095890411
11 15 62.397260273972606
11 16 74.84657534246575
11 17 90.04931506849314
11 18 216.13972602739727
11 19 73.33972602739726
11 20 78.46849315068494
11 21 78.05205479452054
11 22 69.26575342465753
11 23 74.92602739726027
11 24 125.3890410958904
11 25 122.22465753424657
11 26 65.13150684931507
11 27 63.295890410958904
11 28 69.52054794520548
11 29 81.53698630136986
11 30 96.81917808219178
11 31 95.51239669421487
11 32 92.93698630136986
11 33 109.92602739726027
11 34 99.8958904109589
11 35 117.97260273972603
12 0 211.64657534246575
12 1 121.6986301369863
12 2 92.62465753424658
12 3 80.36712328767123
12 4 76.79452054794521
12 5 52.635616438356166
12 6 78.9013698630137
12 7 54.293150684931504
12 8 114.81643835616438
12 9 56.915068493150685
12 10 78.78630136986301
12 11 60.54794520547945
12 13 66.31780821917808
12 14 63.104109589041094
12 15 56.52054794520548
12 16 70.82465753424657
12 17 64.4
12 18 83.94794520547946
12 19 59.01917808219178
12 20 94.1041095890411
12 21 83.38082191780822
12 22 68.61643835616438
12 23 67.72602739726027
12 24 71.38356164383562
12 25 112.73150684931507
12 26 58.92876712328767
12 27 82.87123287671233
12 28 80.85479452054794
12 29 62.632876712328766
12 30 69.93150684931507
12 31 98.50137741046832
12 32 63.66575342465753
12 33 84.14520547945206
12 34 70.85753424657534
12 35 80.66849315068494
13 0 234.76712328767124
13 1 179.25753424657535
13 2 124.90958904109588
13 3 118.5123287671233
13 4 101.95890410958904
13 5 71.55342465753425
13 6 103.3972602739726
13 7 69.57534246575342
13 8 107.7095890410959
13 9 64.9068493150685
13 10 124.4
13 11 83.07945205479452
13 12 76.57692307692308
13 14 80.63287671232877
13 15 66.66301369863014
13 16 79.64109589041095
13 17 81.59452054794521
13 18 149.16164383561645
13 19 76.8027397260274
13 20 93.20821917808219
13 21 98.07397260273973
13 22 77.59452054794521
13 23 76.03835616438356
13 24 104.23287671232876
13 25 132.2219178082192
13 26 72.18904109589042
13 27 69.77534246575343
13 28 77.13150684931507
13 29 81.76712328767124
13 30 96.53424657534246
13 31 118.03314917127072
13 32 86.40273972602739
13 33 302.3123287671233
13 34 97.21369863013699
13 35 115.17260273972603
14 0 145.76712328767124
14 1 143.34794520547945
14 2 73.9068493150685
14 3 235.62739726027397
14 4 136.68493150684932
14 5 63.93698630136986
14 6 100.67671232876712
14 7 81.35616438356165
14 8 81.1945205479452
14 9 65.14246575342466
14 10 88.24931506849315
14 11 66.25205479452055
14 12 61.824657534246576
14 13 63.602739726027394
14 15 64.06849315068493
14 16 69.57260273972602
14 17 73.3972602739726
14 18 93.25753424657535
14 19 77.0
14 20 67.40821917808219
14 21 70.24931506849315
14 22 61.16164383561644
14 23 64.6027397260274
14 24 85.5123287671233
14 25 101.30958904109589
14 26 62.443835616438356
14 27 62.09041095890411
14 28 62.26575342465753
14 29 76.4904109589041
14 30 78.03835616438356
14 31 79.96969696969697
14 32 69.1917808219178
14 33 80.6109589041096
14 34 85.09041095890412
14 35 107.58904109589041
15 0 60.24657534246575
15 1 59.73698630136986
15 2 28.389041095890413
15 3 65.91232876712328
15 4 74.23835616438356
15 5 13.53972602739726
15 6 42.83013698630137
15 7 36.24657534246575
15 8 28.72876712328767
15 9 13.12054794520548
15 10 31.482191780821918
15 11 25.756164383561643
15 12 22.838356164383562
15 13 24.4027397260274
15 14 38.33698630136986
15 16 56.558904109589044
15 17 24.684931506849313
15 18 44.58904109589041
15 19 14.364383561643836
15 20 20.96164383561644
15 21 29.063013698630137
15 22 16.605479452054794
15 23 24.70958904109589
15 24 37.824657534246576
15 25 58.632876712328766
15 26 47.21095890410959
15 27 21.295890410958904
15 28 13.545205479452054
15 29 25.553424657534247
15 30 40.42739726027397
15 31 28.589041095890412
15 32 17.96712328767123
15 33 30.375342465753423
15 34 28.534246575342465
15 35 43.24109589041096
16 0 120.94246575342466
16 1 0.0
16 2 70.77808219178083
16 3 88.68767123287671
16 4 96.27397260273973
16 5 57.054794520547944
16 6 0.0
16 7 54.16986301369863
16 8 68.30958904109589
16 9 56.73424657534247
16 10 73.71232876712328
16 11 59.57808219178082
16 12 61.83013698630137
16 13 59.846575342465755
16 14 65.69315068493151
16 15 63.58904109589041
16 17 60.945205479452056
16 18 82.54520547945205
16 19 59.37534246575343
16 20 62.81643835616438
16 21 66.52054794520548
16 22 63.484931506849314
16 23 76.23561643835616
16 24 0.0
16 25 143.91780821917808
16 26 84.47945205479452
16 27 82.03835616438356
16 28 0.0
16 29 62.772602739726025
16 30 68.64931506849315
16 31 71.25824175824175
16 32 64.51506849315068
16 33 76.41095890410959
16 34 70.01369863013699
16 35 79.71506849315068
17 0 155.3123287671233
17 1 170.8794520547945
17 2 78.21917808219177
17 3 104.1945205479452
17 4 89.72602739726027
17 5 75.01369863013699
17 6 117.66027397260274
17 7 69.95616438356164
17 8 80.01095890410959
17 9 65.62191780821918
17 10 123.40273972602739
17 11 80.67945205479452
17 12 62.8027397260274
17 13 68.27123287671233
17 14 76.73424657534247
17 15 58.20821917808219
17 16 72.58630136986301
17 18 116.55342465753425
17 19 74.75616438356164
17 20 70.77260273972603
17 21 70.75342465753425
17 22 65.16438356164383
17 23 66.2027397260274
17 24 112.83561643835617
17 25 106.11232876712329
17 26 60.78356164383562
17 27 61.632876712328766
17 28 64.68219178082192
17 29 103.63561643835617
17 30 83.52054794520548
17 31 82.48760330578513
17 32 91.56712328767124
17 33 87.84657534246575
17 34 116.86575342465754
17 35 146.6767123287671
18 0 195.39285714285714
18 1 270.3753424657534
18 2 100.64109589041095
18 3 136.3835616438356
18 4 124.93972602739726
18 5 82.59178082191781
18 6 117.06849315068493
18 7 79.38630136986302
18 8 111.21369863013699
18 9 69.53424657534246
18 10 165.34246575342465
18 11 141.24931506849316
18 12 76.57417582417582
18 13 90.04931506849314
18 14 94.16438356164383
18 15 70.36986301369863
18 16 86.3890410958904
18 17 94.17808219178082
18 19 86.31506849315069
18 20 92.34246575342466
18 21 89.85205479452055
18 22 80.13972602739726
18 23 81.26301369863013
18 24 143.37260273972603
18 25 154.18082191780823
18 26 76.02465753424657
18 27 75.45479452054795
18 28 79.69041095890411
18 29 88.03835616438356
18 30 108.1041095890411
18 31 120.29005524861878
18 32 109.37534246575342
18 33 144.63835616438357
18 34 138.34520547945206
18 35 141.93972602739726
19 0 137.67123287671234
19 1 132.37260273972603
19 2 71.4
19 3 101.77808219178083
19 4 85.31232876712329
19 5 75.8054794520548
19 6 134.5808219178082
19 7 71.38356164383562
19 8 75.93424657534247
19 9 66.16986301369863
19 10 111.06575342465753
19 11 64.81095890410958
19 12 55.863013698630134
19 13 64.54794520547945
19 14 88.56986301369864
19 15 56.83561643835616
19 16 65.73424657534247
19 17 73.87123287671233
19 18 95.1013698630137
19 20 65.85205479452055
19 21 67.26575342465753
19 22 58.68493150684932
19 23 64.24657534246575
19 24 85.54520547945205
19 25 92.1013698630137
19 26 59.342465753424655
19 27 56.56164383561644
19 28 60.52602739726027
19 29 76.99178082191781
19 30 74.68493150684931
19 31 75.92561983471074
19 32 72.52328767123288
19 33 77.9013698630137
19 34 86.12602739726027
19 35 128.56986301369864
20 0 224.4794520547945
20 1 172.07671232876712
20 2 114.22191780821917
20 3 103.6109589041096
20 4 98.43013698630136
20 5 67.30958904109589
20 6 104.88493150684931
20 7 66.76986301369863
20 8 174.6027397260274
20 9 64.16438356164383
20 10 106.38356164383562
20 11 72.81095890410958
20 12 81.92032967032966
20 13 81.27123287671233
20 14 79.73424657534247
20 15 63.50958904109589
20 16 75.06575342465753
20 17 75.24383561643836
20 18 115.79178082191781
20 19 74.05753424657534
20 21 90.23835616438356
20 22 74.04383561643836
20 23 68.58356164383562
20 24 91.85479452054794
20 25 122.72054794520548
20 26 64.32602739726028
20 27 66.21643835616439
20 28 117.7972602739726
20 29 75.76712328767124
20 30 88.3972602739726
20 31 299.6694214876033
20 32 80.32876712328768
20 33 117.27945205479452
20 34 89.95616438356164
20 35 112.32876712328768
21 0 279.4821917808219
21 1 151.72602739726028
21 2 140.5917808219178
21 3 105.77808219178083
21 4 93.91780821917808
21 5 65.48493150684932
21 6 95.63561643835617
21 7 65.66301369863014
21 8 100.8958904109589
21 9 66.0958904109589
21 10 102.66027397260274
21 11 71.05753424657534
21 12 80.98082191780821
21 13 87.2986301369863
21 14 76.97534246575343
21 15 63.772602739726025
21 16 75.91780821917808
21 17 75.5013698630137
21 18 110.92054794520548
21 19 71.6
21 20 86.35616438356165
21 22 91.93424657534247
21 23 71.98082191780821
21 24 92.1041095890411
21 25 130.25753424657535
21 26 67.96438356164384
21 27 71.78630136986301
21 28 72.06301369863014
21 29 72.78082191780823
21 30 90.88493150684931
21 31 107.64187327823691
21 32 79.15068493150685
21 33 122.06849315068493
21 34 83.83835616438355
21 35 99.24383561643836
22 0 258.34520547945203
22 1 159.63013698630138
22 2 118.62191780821918
22 3 111.47397260273972
22 4 94.6986301369863
22 5 62.38356164383562
22 6 94.87671232876713
22 7 61.71780821917808
22 8 93.5123287671233
22 9 63.18356164383562
22 10 95.65205479452055
22 11 70.73424657534247
22 12 92.26849315068493
22 13 76.09041095890412
22 14 73.91232876712328
22 15 59.93698630136986
22 16 74.77534246575343
22 17 72.53150684931506
22 18 110.66575342465754
22 19 67.25205479452055
22 20 79.59452054794521
22 21 166.2821917808219
22 23 69.8027397260274
22 24 88.75342465753425
22 25 170.03561643835616
22 26 64.4
22 27 73.37808219178082
22 28 69.76164383561644
22 29 72.58904109589041
22 30 106.58630136986301
22 31 100.81818181818181
22 32 72.59726027397261
22 33 116.85479452054794
22 34 84.20547945205479
22 35 102.67671232876712
23 0 138.81643835616438
23 1 122.53698630136986
23 2 73.75890410958904
23 3 95.76712328767124
23 4 96.25753424657535
23 5 52.75342465753425
23 6 83.98082191780821
23 7 55.14794520547945
23 8 68.07945205479452
23 9 58.8986301369863
23 10 77.26301369863013
23 11 59.97260273972603
23 12 59.94794520547945
23 13 63.863013698630134
23 14 67.8027397260274
23 15 55.48219178082192
23 16 83.47397260273972
23 17 62.484931506849314
23 18 85.63013698630137
23 19 63.136986301369866
23 20 63.13972602739726
23 21 68.68493150684931
23 22 59.96986301369863
23 24 73.4876712328767
23 25 117.32328767123288
23 26 62.9013698630137
23 27 64.40547945205479
23 28 57.778082191780825
23 29 65.56986301369864
23 30 77.28219178082192
23 31 74.366391184573
23 32 64.4876712328767
23 33 76.97534246575343
23 34 72.81095890410958
23 35 87.22465753424657
24 0 245.0
24 1 245.06301369863013
24 2 113.0958904109589
24 3 183.84931506849315
24 4 152.8739726027397
24 5 99.64109589041095
24 6 181.35890410958905
24 7 92.41369863013699
24 8 115.14246575342466
24 9 77.96712328767123
24 10 161.92328767123288
24 11 150.92602739726027
24 12 79.07988980716253
24 13 97.85753424657534
24 14 107.44657534246575
24 15 72.08493150684932
24 16 95.92328767123287
24 17 120.70879120879121
24 18 184.03835616438357
24 19 102.0986301369863
24 20 97.66849315068494
24 21 97.85753424657534
24 22 82.00821917808219
24 23 87.87671232876713
24 25 176.4794520547945
24 26 83.1917808219178
24 27 79.02191780821917
24 28 83.15890410958905
24 29 153.9150684931507
24 30 130.9917808219178
24 31 129.5922865013774
24 32 125.07671232876713
24 33 149.9013698630137
24 34 168.13972602739727
24 35 233.2054794520548
25 0 274.0986301369863
25 1 228.4794520547945
25 2 126.3013698630137
25 3 217.78082191780823
25 4 357.1315068493151
25 5 76.92328767123287
25 6 0.0
25 7 88.43561643835616
25 8 120.40273972602739
25 9 72.98904109589041
25 10 140.94520547945206
25 11 92.71506849315068
25 12 93.54395604395604
25 13 0.0
25 14 110.34246575342466
25 15 81.76164383561644
25 16 215.22739726027396
25 17 96.93698630136986
25 18 158.21917808219177
25 19 90.5123287671233
25 20 96.12876712328767
25 21 104.0
25 22 0.0
25 23 0.0
25 24 132.63835616438357
25 26 129.6876712328767
25 27 135.66849315068492
25 28 80.18630136986302
25 29 93.8
25 30 0.0
25 31 0.0
25 32 99.37534246575342
25 33 0.0
25 34 124.5013698630137
25 35 164.7780821917808
26 0 74.88219178082191
26 1 68.18356164383562
26 2 48.986301369863014
26 3 63.821917808219176
26 4 67.0027397260274
26 5 24.726027397260275
26 6 57.446575342465756
26 7 33.61643835616438
26 8 45.97260273972603
26 9 31.92054794520548
26 10 51.50410958904109
26 11 38.1945205479452
26 12 30.02191780821918
26 13 42.202739726027396
26 14 48.48219178082192
26 15 57.704109589041096
26 16 77.05479452054794
26 17 44.56986301369863
26 18 59.92054794520548
26 19 34.87123287671233
26 20 37.35890410958904
26 21 43.04109589041096
26 22 30.312328767123287
26 23 46.93972602739726
26 24 52.1013698630137
26 25 79.44657534246575
26 27 49.728767123287675
26 28 32.136986301369866
26 29 43.53150684931507
26 30 53.07123287671233
26 31 49.06849315068493
26 32 38.12054794520548
26 33 58.71506849315068
26 34 51.8027397260274
26 35 56.05205479452055
27 0 101.26849315068493
27 1 85.44931506849315
27 2 63.68493150684932
27 3 70.26849315068493
27 4 69.53150684931506
27 5 40.24657534246575
27 6 65.95068493150686
27 7 43.63013698630137
27 8 61.43287671232877
27 9 36.93150684931507
27 10 62.5013698630137
27 11 45.26849315068493
27 12 62.11232876712329
27 13 50.95890410958904
27 14 57.16712328767123
27 15 43.23013698630137
27 16 82.25205479452055
27 17 50.62191780821918
27 18 79.1013698630137
27 19 45.86027397260274
27 20 51.912328767123284
27 21 64.78082191780823
27 22 59.48219178082192
27 23 61.09041095890411
27 24 61.364383561643834
27 25 106.02465753424657
27 26 59.75890410958904
27 28 45.0986301369863
27 29 51.27945205479452
27 30 63.97260273972603
27 31 65.42307692307692
27 32 58.413698630136984
27 33 67.97808219178083
27 34 61.50410958904109
27 35 67.72054794520548
28 0 199.25753424657535
28 1 150.9041095890411
28 2 101.54520547945205
28 3 97.47123287671234
28 4 89.46301369863014
28 5 63.73150684931507
28 6 95.15068493150685
28 7 62.172602739726024
28 8 205.54246575342466
28 9 64.4904109589041
28 10 96.13698630136986
28 11 69.92054794520548
28 12 74.30494505494505
28 13 75.92328767123287
28 14 71.66301369863014
28 15 59.775342465753425
28 16 69.81369863013698
28 17 72.8082191780822
28 18 101.63835616438357
28 19 71.66575342465754
28 20 162.09315068493152
28 21 80.11506849315069
28 22 69.83287671232877
28 23 65.08219178082192
28 24 83.63835616438357
28 25 104.77260273972603
28 26 64.36164383561643
28 27 62.772602739726025
28 29 71.51780821917808
28 30 81.7068493150685
28 31 171.1046831955923
28 32 76.05753424657534
28 33 103.75616438356164
28 34 82.01369863013699
28 35 105.0054794520548
29 0 174.14246575342466
29 1 158.5808219178082
29 2 84.6082191780822
29 3 130.13150684931506
29 4 104.8958904109589
29 5 73.4986301369863
29 6 151.94246575342467
29 7 79.64383561643835
29 8 91.23287671232876
29 9 72.32602739726028
29 10 115.3890410958904
29 11 78.4931506849315
29 12 68.83013698630137
29 13 73.1013698630137
29 14 86.11232876712329
29 15 64.34520547945205
29 16 79.58904109589041
29 17 92.73972602739725
29 18 113.9041095890411
29 19 85.05205479452054
29 20 80.36164383561643
29 21 79.71232876712328
29 22 70.26301369863013
29 23 74.3917808219178
29 24 138.0054794520548
29 25 120.83561643835617
29 26 69.00821917808219
29 27 67.07671232876713
29 28 70.86575342465754
29 30 88.86027397260274
29 31 94.70247933884298
29 32 85.89041095890411
29 33 95.35068493150685
29 34 112.23013698630137
29 35 160.82191780821918
30 0 371.94246575342464
30 1 311.85479452054796
30 2 149.48767123287672
30 3 177.0958904109589
30 4 145.44109589041096
30 5 85.9013698630137
30 6 163.33424657534246
30 7 85.34520547945205
30 8 134.34520547945206
30 9 78.40547945205479
30 10 173.27123287671233
30 11 104.34794520547945
30 12 87.6109589041096
30 13 107.88493150684931
30 14 114.05753424657534
30 15 79.5013698630137
30 16 107.08767123287672
30 17 107.14520547945206
30 18 188.45205479452054
30 19 95.23561643835616
30 20 106.10958904109589
30 21 128.73150684931508
30 22 100.32328767123288
30 23 110.16986301369863
30 24 185.91780821917808
30 25 269.25753424657535
30 26 92.22739726027397
30 27 103.1945205479452
30 28 87.87397260273973
30 29 105.66575342465754
30 31 151.1900826446281
30 32 119.88493150684931
30 33 186.58356164383562
30 34 142.35890410958905
30 35 186.24657534246575
31 0 193.45753424657534
31 1 165.07123287671232
31 2 105.1917808219178
31 3 99.84657534246575
31 4 92.32602739726028
31 5 66.64109589041095
31 6 105.71780821917808
31 7 64.89315068493151
31 8 148.55342465753424
31 9 62.16164383561644
31 10 108.84657534246575
31 11 83.62739726027397
31 12 71.45604395604396
31 13 80.27945205479452
31 14 75.57260273972602
31 15 60.553424657534244
31 16 71.87397260273973
31 17 72.38082191780822
31 18 111.62739726027397
31 19 71.10958904109589
31 20 240.5917808219178
31 21 81.45205479452055
31 22 73.26301369863013
31 23 65.73424657534247
31 24 93.05753424657534
31 25 115.5041095890411
31 26 63.21369863013699
31 27 64.55068493150685
31 28 97.92328767123287
31 29 78.76986301369863
31 30 84.56164383561644
31 32 85.13698630136986
31 33 111.1972602739726
31 34 89.85753424657534
31 35 114.46027397260274
32 0 166.86301369863014
32 1 262.6794520547945
32 2 84.98082191780821
32 3 127.46027397260274
32 4 101.59178082191781
32 5 76.24383561643836
32 6 107.06575342465753
32 7 76.76438356164384
32 8 96.82465753424657
32 9 65.24383561643836
32 10 247.73972602739727
32 11 95.27123287671233
32 12 66.27945205479452
32 13 71.16712328767123
32 14 80.52054794520548
32 15 62.821917808219176
32 16 75.01917808219179
32 17 90.7068493150685
32 18 146.86027397260273
32 19 76.72054794520548
32 20 80.37808219178082
32 21 78.1917808219178
32 22 66.51780821917808
32 23 69.20821917808219
32 24 112.54520547945205
32 25 120.98630136986301
32 26 65.06849315068493
32 27 64.62191780821918
32 28 72.46575342465754
32 29 79.30684931506849
32 30 96.14246575342466
32 31 100.27823691460055
32 33 109.48493150684932
32 34 163.24109589041095
32 35 129.14520547945204
33 0 189.02739726027397
33 1 165.34246575342465
33 2 104.05205479452054
33 3 99.34794520547945
33 4 95.08767123287672
33 5 67.18356164383562
33 6 96.0986301369863
33 7 65.22191780821917
33 8 105.21369863013699
33 9 61.326027397260276
33 10 110.81917808219178
33 11 80.2986301369863
33 12 70.2958904109589
33 13 155.88219178082193
33 14 75.85753424657534
33 15 63.611570247933884
33 16 74.54520547945205
33 17 73.84931506849315
33 18 122.30958904109589
33 19 71.27671232876712
33 20 83.7095890410959
33 21 80.7972602739726
33 22 73.69315068493151
33 23 69.7013698630137
33 24 91.93698630136986
33 25 119.87123287671233
33 26 66.33150684931506
33 27 65.21643835616439
33 28 71.58356164383562
33 29 70.81369863013698
33 30 84.27945205479452
33 31 108.20165745856353
33 32 86.64931506849315
33 34 88.61643835616438
33 35 103.41643835616438
34 0 134.47397260273974
34 1 149.9095890410959
34 2 80.83013698630137
34 3 112.46575342465754
34 4 89.16164383561645
34 5 135.95342465753424
34 6 106.8986301369863
34 7 69.57808219178082
34 8 80.30958904109589
34 9 64.68767123287671
34 10 115.38356164383562
34 11 72.9972602739726
34 12 61.342465753424655
34 13 67.31506849315069
34 14 76.76712328767124
34 15 57.0
34 16 70.88219178082191
34 17 83.8027397260274
34 18 99.25479452054795
34 19 74.38630136986302
34 20 73.4904109589041
34 21 70.9945205479452
34 22 63.95890410958904
34 23 68.23835616438356
34 24 93.87123287671233
34 25 100.15616438356165
34 26 62.07671232876712
34 27 61.863013698630134
34 28 67.2986301369863
34 29 76.23835616438356
34 30 81.7013698630137
34 31 85.21487603305785
34 32 88.83013698630137
34 33 84.54246575342465
34 35 123.68219178082192
35 0 291.1178082191781
35 1 323.3945205479452
35 2 137.44931506849315
35 3 253.78082191780823
35 4 201.72876712328767
35 5 104.47397260273972
35 6 379.86575342465756
35 7 117.47945205479452
35 8 150.34520547945206
35 9 93.41095890410959
35 10 180.56164383561645
35 11 128.44109589041096
35 12 87.38567493112947
35 13 98.98356164383561
35 14 127.18904109589042
35 15 78.0054794520548
35 16 111.63835616438357
35 17 155.46849315068494
35 18 187.62739726027397
35 19 136.18356164383562
35 20 125.13150684931507
35 21 115.73424657534247
35 22 91.8
35 23 99.96712328767123
35 24 236.4958904109589
35 25 323.1945205479452
35 26 90.1972602739726
35 27 90.58904109589041
35 28 101.21917808219177
35 29 197.3232876712329
35 30 167.9972602739726
35 31 148.33701657458565
35 32 135.23287671232876
35 33 149.6027397260274
35 34 195.74794520547945
