0 1 1435.5342465753424
0 2 1620.5808219178082
0 3 1320.5082417582419
0 4 1692.9068493150685
0 5 464.8876712328767
0 6 982.8931506849315
0 7 556.427397260274
0 8 1051.0301369863014
0 9 410.1835616438356
0 10 1229.4931506849316
0 11 615.3369863013698
0 12 587.8191780821918
0 13 746.3726027397261
0 14 593.082191780822
0 15 372.81369863013697
0 16 533.6356164383561
0 17 594.4602739726027
0 18 1259.7780821917809
0 19 571.1123287671232
0 20 756.0552486187845
0 21 858.7643835616439
0 22 572.3260273972603
0 23 453.72328767123287
0 24 1001.7260273972603
0 25 1537.2493150684932
0 26 561.2054794520548
0 27 538.4191780821918
0 28 499.3835616438356
0 29 719.254794520548
0 30 808.7698630136987
0 31 982.1178082191781
0 32 698.7041095890411
0 33 1115.482191780822
0 34 951.8
0 35 1179.986301369863
0 36 1144.7698630136986
0 37 581.6438356164383
1 0 1014.3342465753425
1 2 553.4191780821918
1 3 1143.3461538461538
1 4 1342.4849315068493
1 5 474.8767123287671
1 6 755.7561643835617
1 7 472.4821917808219
1 8 655.8547945205479
1 9 325.2109589041096
1 10 1322.7232876712328
1 11 755.5315068493151
1 12 333.5342465753425
1 13 437.5945205479452
1 14 480.05205479452053
1 15 294.0301369863014
1 16 427.14794520547946
1 17 559.0630136986301
1 18 1271.4356164383562
1 19 497.57260273972605
1 20 509.27272727272725
1 21 379.4054794520548
1 22 349.92602739726027
1 23 360.0054794520548
1 24 929.7561643835617
1 25 1189.6383561643836
1 26 425.46027397260275
1 27 398.5753424657534
1 28 350.56164383561645
1 29 499.4082191780822
1 30 684.9671232876713
1 31 711.9095890410958
1 32 859.7616438356164
1 33 739.654794520548
1 34 766.1095890410959
1 35 935.613698630137
1 36 993.1315068493151
1 37 557.1013698630137
2 0 683.5698630136986
2 1 481.05479452054794
2 3 431.9120879120879
2 4 682.4465753424657
2 5 204.7890410958904
2 6 306.7369863013699
2 7 222.4931506849315
2 8 374.45205479452056
2 9 173.82191780821918
2 10 372.0164383561644
2 11 228.48219178082192
2 12 217.15342465753426
2 13 311.6849315068493
2 14 227.7945205479452
2 15 169.74794520547945
2 16 228.6401098901099
2 17 238.26575342465753
2 18 414.26849315068495
2 19 232.8931506849315
2 20 276.8402203856749
2 21 298.6054794520548
2 22 229.33972602739726
2 23 197.2821917808219
2 24 318.7013698630137
2 25 554.9150684931507
2 26 224.75890410958905
2 27 209.15342465753426
2 28 218.813698630137
2 29 229.33150684931508
2 30 266.66027397260274
2 31 359.3917808219178
2 32 256.7260273972603
2 33 398.7780821917808
2 34 329.02465753424656
2 35 323.54246575342466
2 36 350.3342465753425
2 37 229.15068493150685
3 0 517.3561643835617
3 1 533.0219178082192
3 2 274.2904109589041
3 4 1034.9095890410958
3 5 215.5972602739726
3 6 392.65479452054797
3 7 398.7095890410959
3 8 278.9698630136986
3 9 207.5095890410959
3 10 355.5890410958904
3 11 234.15068493150685
3 12 190.24657534246575
3 13 221.5013698630137
3 14 339.4739726027397
3 15 235.4904109589041
3 16 260.6456043956044
3 17 259.3945205479452
3 18 395.47945205479454
3 19 271.72328767123287
3 20 224.38567493112947
3 21 206.8
3 22 194.63287671232877
3 23 223.86301369863014
3 24 363.6246575342466
3 25 641.2821917808219
3 26 273.32876712328766
3 27 232.4794520547945
3 28 176.4904109589041
3 29 241.0191780821918
3 30 282.07397260273973
3 31 278.8794520547945
3 32 251.82191780821918
3 33 323.4958904109589
3 34 321.3150684931507
3 35 429.33698630136985
3 36 438.17534246575343
3 37 262.0383561643836
4 0 664.1972602739726
4 1 699.172602739726
4 2 326.1315068493151
4 3 1199.986301369863
4 5 254.4931506849315
4 6 498.9808219178082
4 7 471.8684931506849
4 8 354.5671232876712
4 9 237.06301369863013
4 10 469.5835616438356
4 11 301.0219178082192
4 12 210.986301369863
4 13 257.0
4 14 435.9123287671233
4 15 328.3123287671233
4 16 351.372602739726
4 17 331.38904109589043
4 18 524.2876712328767
4 19 336.85753424657537
4 20 275.90633608815426
4 21 250.4904109589041
4 22 231.23835616438356
4 23 281.0054794520548
4 24 434.55890410958904
4 25 1006.9589041095891
4 26 360.66027397260274
4 27 285.9205479452055
4 28 210.0109589041096
4 29 266.75342465753425
4 30 352.5452054794521
4 31 350.9123287671233
4 32 302.53698630136984
4 33 400.7095890410959
4 34 400.2986301369863
4 35 570.8904109589041
4 36 556.1972602739726
4 37 302.92328767123286
5 0 332.3041095890411
5 1 400.7890410958904
5 2 203.6767123287671
5 3 350.1923076923077
5 4 397.35068493150686
5 6 295.1315068493151
5 7 212.84383561643835
5 8 229.25753424657535
5 9 153.8958904109589
5 10 314.1698630136986
5 11 198.46027397260275
5 12 141.24109589041095
5 13 171.94520547945206
5 14 197.12876712328767
5 15 147.67397260273972
5 16 183.7068493150685
5 17 244.67123287671234
5 18 322.66301369863015
5 19 212.86027397260273
5 20 182.74725274725276
5 21 163.28493150684932
5 22 154.52328767123288
5 23 152.73698630136985
5 24 274.04383561643834
5 25 347.7945205479452
5 26 169.95890410958904
5 27 160.1972602739726
5 28 151.15616438356165
5 29 211.2931506849315
5 30 221.46849315068494
5 31 218.4
5 32 228.9808219178082
5 33 225.25479452054793
5 34 611.8602739726027
5 35 313.32876712328766
5 36 377.2986301369863
5 37 204.18082191780823
6 0 706.2219178082191
6 1 778.172602739726
6 2 364.6657534246575
6 3 901.3379120879121
6 4 917.0054794520548
6 5 309.14794520547946
6 7 399.68219178082194
6 8 443.0493150684932
6 9 274.413698630137
6 10 603.2109589041096
6 11 329.11506849315066
6 12 239.0904109589041
6 13 297.41917808219176
6 14 376.6931506849315
6 15 253.14520547945204
6 16 317.52876712328765
6 17 401.4849315068493
6 18 603.7205479452055
6 19 427.16438356164383
6 20 345.37741046831957
6 21 286.45753424657534
6 22 242.31506849315068
6 23 267.6876712328767
6 24 595.227397260274
6 25 757.5068493150685
6 26 301.7013698630137
6 27 273.34794520547945
6 28 254.62191780821917
6 29 500.86301369863014
6 30 430.2904109589041
6 31 404.71232876712327
6 32 387.6465753424658
6 33 415.05205479452053
6 34 528.972602739726
6 35 1107.3561643835617
6 36 1089.517808219178
6 37 692.7835616438356
7 0 263.027397260274
7 1 279.1232876712329
7 2 154.2931506849315
7 3 423.8191780821918
7 4 373.85205479452054
7 5 133.62465753424658
7 6 245.14246575342466
7 8 176.64657534246575
7 9 140.8876712328767
7 10 199.66027397260274
7 11 137.64109589041095
7 12 118.7068493150685
7 13 137.25753424657535
7 14 240.2931506849315
7 15 129.16164383561645
7 16 157.3068493150685
7 17 160.4958904109589
7 18 216.45753424657534
7 19 168.67397260273972
7 20 136.55342465753424
7 21 128.7917808219178
7 22 118.93698630136986
7 23 125.4931506849315
7 24 190.67123287671234
7 25 252.4849315068493
7 26 138.8
7 27 127.64657534246575
7 28 114.03835616438356
7 29 171.4027397260274
7 30 160.26849315068492
7 31 159.586301369863
7 32 152.1068493150685
7 33 171.72054794520548
7 34 188.93972602739726
7 35 228.25205479452055
7 36 237.0958904109589
7 37 155.54794520547946
8 0 450.54246575342466
8 1 394.9068493150685
8 2 294.73424657534247
8 3 306.84383561643835
8 4 478.76164383561644
8 5 179.72054794520548
8 6 266.18630136986303
8 7 183.1041095890411
8 9 167.58904109589042
8 10 316.7287671232877
8 11 196.8794520547945
8 12 172.55342465753424
8 13 206.72876712328767
8 14 205.0849315068493
8 15 146.62739726027397
8 16 180.64931506849314
8 17 210.586301369863
8 18 319.7479452054794
8 19 213.7123287671233
8 20 336.45753424657534
8 21 187.96438356164384
8 22 162.76986301369863
8 23 156.07671232876712
8 24 246.53424657534248
8 25 405.3123287671233
8 26 161.64931506849314
8 27 168.93972602739726
8 28 285.6246575342466
8 29 184.8027397260274
8 30 224.75342465753425
8 31 361.75068493150684
8 32 231.82739726027398
8 33 321.4328767123288
8 34 266.7178082191781
8 35 299.02465753424656
8 36 266.7287671232877
8 37 178.9917808219178
9 0 228.2109589041096
9 1 239.33150684931508
9 2 156.35890410958905
9 3 245.6904109589041
9 4 251.80547945205478
9 5 133.26849315068492
9 6 226.45479452054795
9 7 151.42465753424656
9 8 167.82191780821918
9 10 189.66027397260274
9 11 137.5972602739726
9 12 112.64931506849315
9 13 134.3835616438356
9 14 156.47671232876712
9 15 106.79452054794521
9 16 128.46027397260275
9 17 147.013698630137
9 18 193.76438356164383
9 19 163.53150684931506
9 20 135.26575342465753
9 21 117.58356164383562
9 22 116.26027397260275
9 23 112.3945205479452
9 24 174.52602739726026
9 25 215.13698630136986
9 26 121.40821917808219
9 27 114.20821917808219
9 28 117.4986301369863
9 29 150.813698630137
9 30 159.1205479452055
9 31 146.23013698630137
9 32 148.57808219178082
9 33 152.64931506849314
9 34 164.53150684931506
9 35 218.55068493150685
9 36 222.3178082191781
9 37 146.52602739726026
10 0 809.3506849315069
10 1 1208.372602739726
10 2 437.53150684931506
10 3 899.4148351648352
10 4 1060.0657534246575
10 5 390.64109589041095
10 6 608.7808219178082
10 7 399.1205479452055
10 8 473.3315068493151
10 9 279.4219178082192
10 11 471.2739726027397
10 12 276.4082191780822
10 13 328.7178082191781
10 14 378.6684931506849
10 15 253.75342465753425
10 16 341.63287671232877
10 17 479.4821917808219
10 18 929.3643835616439
10 19 414.46849315068494
10 20 368.6556473829201
10 21 303.3150684931507
10 22 269.5643835616438
10 23 269.6767123287671
10 24 654.8904109589041
10 25 902.3561643835617
10 26 340.66027397260274
10 27 301.84109589041094
10 28 266.4821917808219
10 29 385.0876712328767
10 30 518.4794520547945
10 31 503.55890410958904
10 32 1270.172602739726
10 33 556.3232876712328
10 34 608.0438356164384
10 35 679.0164383561644
10 36 705.068493150685
10 37 382.2191780821918
11 0 383.9616438356164
11 1 551.5205479452055
11 2 233.13424657534247
11 3 388.79945054945057
11 4 474.35616438356163
11 5 193.26301369863015
11 6 276.5068493150685
11 7 204.31506849315068
11 8 246.46849315068494
11 9 158.8794520547945
11 10 390.34520547945203
11 12 158.22739726027396
11 13 212.55890410958904
11 14 210.0849315068493
11 15 158.24657534246575
11 16 196.66483516483515
11 17 230.62739726027397
11 18 582.482191780822
11 19 219.26849315068492
11 20 196.66391184573004
11 21 183.6958904109589
11 22 168.62739726027397
11 23 165.95068493150686
11 24 351.7753424657534
11 25 404.7369863013699
11 26 187.0109589041096
11 27 186.9945205479452
11 28 165.58356164383562
11 29 214.7041095890411
11 30 251.63561643835615
11 31 256.87397260273974
11 32 261.6794520547945
11 33 288.7095890410959
11 34 287.84657534246577
11 35 314.9917808219178
11 36 293.027397260274
11 37 193.56438356164384
12 0 308.05479452054794
12 1 239.25205479452055
12 2 203.7041095890411
12 3 218.93698630136987
12 4 290.3041095890411
12 5 116.02191780821917
12 6 173.97808219178083
12 7 132.57260273972602
12 8 200.11780821917807
12 9 111.37260273972603
12 10 192.29041095890412
12 11 131.75616438356164
12 13 140.12876712328767
12 14 139.95068493150686
12 15 106.45753424657535
12 16 146.46027397260275
12 17 136.9972602739726
12 18 202.39178082191782
12 19 137.77534246575343
12 20 168.73972602739727
12 21 147.48767123287672
12 22 151.39178082191782
12 23 125.86849315068493
12 24 167.2821917808219
12 25 286.66301369863015
12 26 141.4054794520548
12 27 175.35068493150686
12 28 133.1917808219178
12 29 141.7013698630137
12 30 156.9095890410959
12 31 196.7123287671233
12 32 138.03287671232877
12 33 196.66849315068492
12 34 172.3178082191781
12 35 179.26027397260273
12 36 175.26301369863015
12 37 128.013698630137
13 0 505.15616438356165
13 1 480.25753424657535
13 2 376.04657534246576
13 3 373.75824175824175
13 4 601.2958904109589
13 5 185.47671232876712
13 6 281.1506849315069
13 7 202.26301369863015
13 8 275.9917808219178
13 9 157.85479452054796
13 10 354.47123287671235
13 11 244.12328767123287
13 12 167.18356164383562
13 14 215.9945205479452
13 15 159.0027397260274
13 16 200.81593406593407
13 17 225.413698630137
13 18 428.44109589041096
13 19 226.24109589041095
13 20 215.22038567493112
13 21 225.64931506849314
13 22 192.6
13 23 173.13698630136986
13 24 290.1616438356164
13 25 456.9972602739726
13 26 195.03287671232877
13 27 183.9808219178082
13 28 179.87671232876713
13 29 207.98356164383563
13 30 267.08493150684933
13 31 279.9205479452055
13 32 243.83561643835617
13 33 691.6520547945205
13 34 280.88493150684934
13 35 310.5972602739726
13 36 307.15342465753423
13 37 196.44109589041096
14 0 352.21643835616436
14 1 389.0383561643836
14 2 191.23013698630137
14 3 419.3945205479452
14 4 496.41917808219176
14 5 158.16986301369863
14 6 283.64931506849314
14 7 257.3013698630137
14 8 214.17534246575343
14 9 175.44931506849315
14 10 257.7945205479452
14 11 167.4958904109589
14 12 145.3013698630137
14 13 163.42191780821918
14 15 174.46027397260275
14 16 177.7780821917808
14 17 198.21369863013697
14 18 276.7150684931507
14 19 213.35068493150686
14 20 169.18356164383562
14 21 160.75342465753425
14 22 147.09315068493152
14 23 151.6958904109589
14 24 234.29041095890412
14 25 341.9808219178082
14 26 181.85753424657534
14 27 159.27945205479452
14 28 137.2931506849315
14 29 192.05753424657533
14 30 207.42739726027398
14 31 198.93972602739726
14 32 184.2821917808219
14 33 212.72602739726028
14 34 239.12876712328767
14 35 282.55068493150685
14 36 299.26849315068495
14 37 187.14520547945204
15 0 100.11780821917809
15 1 101.61917808219178
15 2 67.13424657534246
15 3 127.08219178082192
15 4 173.0027397260274
15 5 37.43835616438356
15 6 78.3917808219178
15 7 53.221917808219175
15 8 63.58082191780822
15 9 34.44931506849315
15 10 77.9068493150685
15 11 47.44931506849315
15 12 33.895890410958906
15 13 38.172602739726024
15 14 80.32328767123288
15 16 86.55616438356165
15 17 49.76438356164383
15 18 86.15890410958905
15 19 46.73150684931507
15 20 54.15890410958904
15 21 49.85479452054795
15 22 36.032876712328765
15 23 64.38082191780822
15 24 75.55616438356165
15 25 112.9041095890411
15 26 104.9068493150685
15 27 52.632876712328766
15 28 29.28767123287671
15 29 49.76986301369863
15 30 77.16986301369863
15 31 59.24383561643835
15 32 47.726027397260275
15 33 65.31232876712329
15 34 71.12602739726027
15 35 84.63835616438357
15 36 84.09041095890412
15 37 49.42739726027397
16 0 267.3342465753425
16 1 271.05479452054794
16 2 172.68493150684932
16 3 285.56986301369864
16 4 397.4767123287671
16 5 127.33424657534246
16 6 194.52876712328768
16 7 153.8739726027397
16 8 162.2054794520548
16 9 124.1945205479452
16 10 206.92876712328768
16 11 140.09315068493152
16 12 127.25479452054795
16 13 139.24109589041095
16 14 163.8849315068493
16 15 152.34520547945206
16 17 143.45479452054795
16 18 224.37534246575342
16 19 159.46301369863014
16 20 143.16438356164383
16 21 127.87123287671233
16 22 128.1150684931507
16 23 206.3178082191781
16 24 187.62191780821917
16 25 445.2958904109589
16 26 263.42739726027395
16 27 217.3178082191781
16 28 114.47397260273972
16 29 143.18904109589042
16 30 164.26301369863015
16 31 169.01643835616437
16 32 157.8876712328767
16 33 188.73972602739727
16 34 184.48219178082192
16 35 212.14246575342466
16 36 191.3013698630137
16 37 127.7095890410959
17 0 318.88493150684934
17 1 411.53972602739725
17 2 209.8794520547945
17 3 342.5302197802198
17 4 395.27945205479455
17 5 212.0986301369863
17 6 310.1945205479452
17 7 209.66301369863012
17 8 218.91780821917808
17 9 160.2821917808219
17 10 322.8602739726027
17 11 210.33150684931508
17 12 145.26575342465753
17 13 179.2
17 14 203.03835616438357
17 15 145.7013698630137
17 16 180.74520547945207
17 18 320.9397260273973
17 19 203.813698630137
17 20 179.8876712328767
17 21 158.54520547945205
17 22 155.74520547945207
17 23 147.76438356164383
17 24 343.17808219178085
17 25 345.90410958904107
17 26 167.32876712328766
17 27 153.75342465753425
17 28 152.13424657534247
17 29 291.46849315068494
17 30 218.82191780821918
17 31 212.04109589041096
17 32 226.11780821917807
17 33 241.46301369863014
17 34 284.73972602739724
17 35 348.12602739726026
17 36 295.45205479452056
17 37 197.26849315068492
18 0 480.73424657534247
18 1 758.8739726027397
18 2 303.73424657534247
18 3 517.5357142857143
18 4 652.7342465753425
18 5 250.46849315068494
18 6 362.96438356164384
18 7 255.03835616438357
18 8 311.64109589041095
18 9 191.55068493150685
18 10 522.482191780822
18 11 375.1506849315069
18 12 188.18082191780823
18 13 264.14520547945204
18 14 259.3917808219178
18 15 190.29041095890412
18 16 238.78296703296704
18 17 277.5150684931507
18 19 280.06575342465754
18 20 251.44722222222222
18 21 219.27123287671233
18 22 206.013698630137
18 23 202.86027397260273
18 24 414.84109589041094
18 25 558.7808219178082
18 26 243.03013698630136
18 27 218.6109589041096
18 28 196.0986301369863
18 29 257.0986301369863
18 30 313.84383561643835
18 31 350.36164383561646
18 32 323.0602739726027
18 33 381.7287671232877
18 34 355.92328767123286
18 35 406.1068493150685
18 36 405.3643835616438
18 37 244.8082191780822
19 0 287.9698630136986
19 1 301.8301369863014
19 2 171.2
19 3 322.0383561643836
19 4 343.72054794520545
19 5 156.71506849315068
19 6 346.42739726027395
19 7 207.18082191780823
19 8 200.46027397260275
19 9 163.7780821917808
19 10 233.57534246575344
19 11 161.12876712328767
19 12 129.74246575342465
19 13 152.5068493150685
19 14 216.6986301369863
19 15 135.1205479452055
19 16 168.16986301369863
19 17 182.92876712328768
19 18 245.7890410958904
19 20 152.75616438356164
19 21 146.4082191780822
19 22 132.8876712328767
19 23 136.66027397260274
19 24 221.83013698630137
19 25 279.94794520547947
19 26 158.07123287671232
19 27 144.55068493150685
19 28 130.05479452054794
19 29 198.6767123287671
19 30 183.5808219178082
19 31 177.47397260273974
19 32 168.48219178082192
19 33 185.5945205479452
19 34 209.65205479452055
19 35 300.73150684931505
19 36 317.0794520547945
19 37 202.33972602739726
20 0 505.03287671232874
20 1 449.05753424657536
20 2 355.83287671232875
20 3 365.08516483516485
20 4 557.6876712328767
20 5 194.3972602739726
20 6 306.56986301369864
20 7 208.56712328767122
20 8 482.9972602739726
20 9 169.76712328767124
20 10 340.64109589041095
20 11 217.75616438356164
20 12 188.19452054794522
20 13 232.5150684931507
20 14 219.33698630136988
20 15 161.85479452054796
20 16 202.82692307692307
20 17 227.013698630137
20 18 375.9123287671233
20 19 220.3232876712329
20 21 207.7068493150685
20 22 189.4958904109589
20 23 170.7123287671233
20 24 297.5945205479452
20 25 539.6712328767123
20 26 188.4849315068493
20 27 184.5945205479452
20 28 268.9068493150685
20 29 205.95342465753424
20 30 261.6904109589041
20 31 612.572602739726
20 32 252.66849315068492
20 33 310.6958904109589
20 34 292.4
20 35 312.90410958904107
20 36 314.7013698630137
20 37 195.94794520547944
21 0 503.75342465753425
21 1 338.2931506849315
21 2 355.24657534246575
21 3 294.82142857142856
21 4 515.4794520547945
21 5 155.2931506849315
21 6 231.93698630136987
21 7 173.86575342465753
21 8 242.95342465753424
21 9 149.04657534246576
21 10 270.84109589041094
21 11 184.64657534246575
21 12 176.186301369863
21 13 252.61369863013698
21 14 195.48767123287672
21 15 148.8849315068493
21 16 187.6821917808219
21 17 195.1068493150685
21 18 300.90410958904107
21 19 191.16712328767125
21 20 195.33698630136988
21 22 225.62465753424658
21 23 159.36712328767123
21 24 248.35342465753425
21 25 412.32602739726025
21 26 177.11780821917807
21 27 185.91232876712328
21 28 161.56438356164384
21 29 181.34794520547945
21 30 228.62191780821917
21 31 253.23835616438356
21 32 193.3972602739726
21 33 301.413698630137
21 34 245.09315068493152
21 35 239.03287671232877
21 36 243.04109589041096
21 37 170.3013698630137
22 0 436.62191780821917
22 1 353.5671232876712
22 2 280.58082191780824
22 3 334.85753424657537
22 4 486.73972602739724
22 5 151.84109589041097
22 6 238.0054794520548
22 7 174.0
22 8 226.26027397260273
22 9 151.58904109589042
22 10 269.6657534246575
22 11 175.76164383561644
22 12 199.7178082191781
22 13 199.2109589041096
22 14 190.06301369863013
22 15 140.8931506849315
22 16 192.0109589041096
22 17 193.02191780821917
22 18 307.4958904109589
22 19 186.13150684931506
22 20 184.25205479452055
22 21 258.4958904109589
22 23 155.16712328767125
22 24 240.11780821917807
22 25 478.4027397260274
22 26 189.66575342465754
22 27 197.26849315068492
22 28 148.46027397260275
22 29 174.1260273972603
22 30 235.96712328767123
22 31 250.73698630136985
22 32 191.0054794520548
22 33 280.03561643835616
22 34 245.92876712328768
22 35 253.33972602739726
22 36 245.9917808219178
22 37 186.77534246575343
23 0 206.3123287671233
23 1 220.06849315068493
23 2 147.5150684931507
23 3 207.07945205479453
23 4 264.9780821917808
23 5 105.37260273972603
23 6 172.57534246575344
23 7 122.68219178082192
23 8 129.32602739726028
23 9 113.07123287671233
23 10 161.23561643835617
23 11 114.32054794520548
23 12 113.25479452054795
23 13 116.73150684931507
23 14 135.70958904109588
23 15 108.13698630136986
23 16 164.73424657534247
23 17 124.86301369863014
23 18 169.57534246575344
23 19 121.7972602739726
23 20 120.2958904109589
23 21 114.43561643835616
23 22 107.83287671232877
23 24 160.73424657534247
23 25 281.55890410958904
23 26 149.62739726027397
23 27 129.44109589041096
23 28 100.18356164383562
23 29 127.0
23 30 153.82191780821918
23 31 148.46849315068494
23 32 133.52328767123288
23 33 157.44109589041096
23 34 150.45753424657534
23 35 169.25753424657535
23 36 158.23561643835617
23 37 111.07397260273973
24 0 554.1013698630137
24 1 634.8301369863013
24 2 305.4849315068493
24 3 712.3186813186813
24 4 805.345205479452
24 5 256.6082191780822
24 6 482.75342465753425
24 7 289.1178082191781
24 8 314.15616438356165
24 9 207.2
24 10 478.8027397260274
24 11 328.2821917808219
24 12 198.82739726027398
24 13 244.85205479452054
24 14 286.9890410958904
24 15 213.1205479452055
24 16 267.53972602739725
24 17 367.75616438356167
24 18 537.9698630136986
24 19 296.6876712328767
24 20 261.9641873278237
24 21 238.24383561643836
24 22 213.43287671232878
24 23 230.6767123287671
24 25 601.9013698630137
24 26 273.6876712328767
24 27 236.55068493150685
24 28 204.02191780821917
24 29 446.26027397260276
24 30 362.5917808219178
24 31 336.7041095890411
24 32 313.6958904109589
24 33 386.25479452054793
24 34 400.5671232876712
24 35 547.1342465753424
24 36 488.24383561643833
24 37 287.613698630137
25 0 498.4082191780822
25 1 493.2
25 2 282.47945205479454
25 3 633.1835616438356
25 4 917.7178082191781
25 5 206.34520547945206
25 6 322.1315068493151
25 7 252.4931506849315
25 8 275.97534246575344
25 9 186.62739726027397
25 10 368.0602739726027
25 11 238.35342465753425
25 12 212.93424657534246
25 13 219.9150684931507
25 14 263.34794520547945
25 15 214.93424657534246
25 16 347.06575342465754
25 17 245.41095890410958
25 18 418.46027397260275
25 19 254.84383561643835
25 20 222.89807162534436
25 21 213.55890410958904
25 22 231.17808219178082
25 23 249.18356164383562
25 24 346.1315068493151
25 26 325.90410958904107
25 27 296.24657534246575
25 28 178.3945205479452
25 29 241.21917808219177
25 30 311.3808219178082
25 31 304.88493150684934
25 32 253.75616438356164
25 33 341.11506849315066
25 34 335.26575342465753
25 35 368.87397260273974
25 36 353.43835616438355
25 37 221.85479452054796
26 0 192.3232876712329
26 1 203.53150684931506
26 2 131.52328767123288
26 3 191.83835616438355
26 4 260.9917808219178
26 5 100.53972602739726
26 6 163.03287671232877
26 7 116.18630136986302
26 8 101.24931506849315
26 9 88.13698630136986
26 10 153.18082191780823
26 11 113.83561643835617
26 12 81.66301369863014
26 13 110.2904109589041
26 14 129.586301369863
26 15 151.81095890410958
26 16 224.56164383561645
26 17 103.06849315068493
26 18 161.73972602739727
26 19 112.53698630136986
26 20 105.69589041095891
26 21 87.20821917808219
26 22 95.4876712328767
26 23 110.40273972602739
26 24 140.16164383561645
26 25 249.4931506849315
26 27 119.91232876712328
26 28 79.03013698630137
26 29 117.86849315068493
26 30 132.2821917808219
26 31 114.2986301369863
26 32 117.87123287671233
26 33 140.04657534246576
26 34 134.26027397260273
26 35 164.86301369863014
26 36 152.52328767123288
26 37 88.1972602739726
27 0 194.72876712328767
27 1 181.11780821917807
27 2 126.38630136986302
27 3 177.36986301369862
27 4 221.9041095890411
27 5 89.22191780821917
27 6 135.64109589041095
27 7 100.81095890410958
27 8 117.1945205479452
27 9 88.1041095890411
27 10 140.43013698630136
27 11 103.18082191780822
27 12 121.0027397260274
27 13 100.86027397260274
27 14 105.68767123287671
27 15 92.13150684931507
27 16 164.84931506849315
27 17 104.57808219178082
27 18 152.36712328767123
27 19 104.41095890410959
27 20 102.47671232876712
27 21 102.96164383561644
27 22 104.4958904109589
27 23 114.90958904109588
27 24 128.74520547945207
27 25 232.73150684931508
27 26 132.29041095890412
27 28 81.16438356164383
27 29 105.6986301369863
27 30 116.81095890410958
27 31 127.84931506849315
27 32 114.59726027397261
27 33 141.92602739726027
27 34 128.6931506849315
27 35 146.14794520547946
27 36 139.17534246575343
27 37 101.09041095890412
28 0 349.93424657534246
28 1 317.7808219178082
28 2 258.9945205479452
28 3 257.4862637362637
28 4 392.213698630137
28 5 153.73698630136985
28 6 225.1205479452055
28 7 160.25753424657535
28 8 501.3643835616438
28 9 146.32876712328766
28 10 257.03561643835616
28 11 175.586301369863
28 12 155.7972602739726
28 13 184.55890410958904
28 14 172.74246575342465
28 15 131.07397260273973
28 16 159.04109589041096
28 17 186.3123287671233
28 18 277.85479452054796
28 19 176.70958904109588
28 20 349.9698630136986
28 21 171.82191780821918
28 22 148.186301369863
28 23 137.0
28 24 215.52328767123288
28 25 317.1506849315069
28 26 153.16712328767125
28 27 144.05479452054794
28 29 166.23013698630137
28 30 191.17260273972602
28 31 313.372602739726
28 32 197.63561643835615
28 33 258.0383561643836
28 34 231.0904109589041
28 35 244.85479452054796
28 36 229.4191780821918
28 37 162.92054794520547
29 0 457.5342465753425
29 1 481.8109589041096
29 2 276.67397260273975
29 3 511.7142857142857
29 4 587.3835616438356
29 5 215.64657534246575
29 6 470.15616438356165
29 7 271.58082191780824
29 8 267.87397260273974
29 9 204.16986301369863
29 10 374.5972602739726
29 11 235.7945205479452
29 12 180.96986301369864
29 13 207.53424657534248
29 14 261.4849315068493
29 15 185.4027397260274
29 16 230.4010989010989
29 17 304.82465753424657
29 18 388.0027397260274
29 19 255.3013698630137
29 20 218.02479338842974
29 21 195.4082191780822
29 22 172.95616438356166
29 23 192.57808219178082
29 24 435.04657534246576
29 25 471.6246575342466
29 26 223.33972602739726
29 27 197.3835616438356
29 28 174.27397260273972
29 30 282.66301369863015
29 31 262.4767123287671
29 32 255.7835616438356
29 33 299.84657534246577
29 34 321.4767123287671
29 35 480.2054794520548
29 36 443.96438356164384
29 37 243.24931506849316
30 0 708.2082191780822
30 1 738.7643835616439
30 2 374.3972602739726
30 3 596.3150684931506
30 4 875.9342465753425
30 5 238.46849315068494
30 6 452.7479452054794
30 7 316.85479452054796
30 8 343.64383561643837
30 9 227.65753424657535
30 10 485.7178082191781
30 11 278.2986301369863
30 12 219.24383561643836
30 13 297.78356164383564
30 14 320.84109589041094
30 15 219.1205479452055
30 16 275.78356164383564
30 17 329.9506849315068
30 18 554.7479452054795
30 19 287.5232876712329
30 20 256.5702479338843
30 21 277.97534246575344
30 22 244.4986301369863
30 23 263.6904109589041
30 24 607.9287671232877
30 25 973.3013698630137
30 26 280.2
30 27 242.77260273972604
30 28 205.21369863013697
30 29 299.1287671232877
30 31 378.7287671232877
30 32 338.8712328767123
30 33 443.3534246575342
30 34 396.1890410958904
30 35 451.72054794520545
30 36 452.0931506849315
30 37 250.75890410958905
31 0 319.56986301369864
31 1 315.4739726027397
31 2 260.1178082191781
31 3 254.1565934065934
31 4 385.613698630137
31 5 156.0
31 6 211.43287671232878
31 7 156.2164383561644
31 8 312.1095890410959
31 9 135.186301369863
31 10 248.85753424657534
31 11 171.3945205479452
31 12 149.9095890410959
31 13 176.07945205479453
31 14 165.35890410958905
31 15 128.51232876712328
31 16 158.03013698630136
31 17 171.4191780821918
31 18 272.2520547945206
31 19 166.2821917808219
31 20 385.0082191780822
31 21 164.09315068493152
31 22 148.04383561643834
31 23 134.7780821917808
31 24 211.986301369863
31 25 333.3808219178082
31 26 154.90684931506848
31 27 155.12876712328767
31 28 186.54794520547946
31 29 164.3013698630137
31 30 191.0109589041096
31 32 194.36164383561643
31 33 231.92328767123288
31 34 217.2958904109589
31 35 225.17808219178082
31 36 225.70958904109588
31 37 160.77534246575343
32 0 302.54794520547944
32 1 460.5013698630137
32 2 199.64931506849314
32 3 322.5576923076923
32 4 358.71232876712327
32 5 181.24931506849316
32 6 254.09315068493152
32 7 181.13972602739727
32 8 203.18356164383562
32 9 150.06849315068493
32 10 488.26575342465753
32 11 195.66849315068492
32 12 133.83287671232875
32 13 164.61369863013698
32 14 176.55068493150685
32 15 139.81095890410958
32 16 160.0631868131868
32 17 195.76712328767124
32 18 307.27671232876713
32 19 184.75890410958905
32 20 175.52876712328768
32 21 151.05753424657533
32 22 143.65753424657535
32 23 141.0
32 24 264.0219178082192
32 25 315.96712328767126
32 26 155.2958904109589
32 27 147.7780821917808
32 28 146.15342465753426
32 29 184.24657534246575
32 30 214.37808219178083
32 31 207.97808219178083
32 33 232.813698630137
32 34 240.06575342465754
32 35 270.958904109589
32 36 299.82191780821915
32 37 187.92602739726027
33 0 481.2739726027397
33 1 484.35616438356163
33 2 302.78356164383564
33 3 377.74175824175825
33 4 626.5561643835616
33 5 188.18904109589042
33 6 279.67123287671234
33 7 207.13698630136986
33 8 320.5068493150685
33 9 155.013698630137
33 10 356.613698630137
33 11 235.24657534246575
33 12 173.0109589041096
33 13 547.5205479452055
33 14 215.1068493150685
33 15 161.16438356164383
33 16 207.71153846153845
33 17 233.95890410958904
33 18 416.1123287671233
33 19 221.76712328767124
33 20 224.5
33 21 211.86575342465753
33 22 190.04657534246576
33 23 176.78082191780823
33 24 290.66027397260274
33 25 479.9972602739726
33 26 202.2027397260274
33 27 189.74520547945207
33 28 188.04931506849314
33 29 210.83835616438355
33 30 256.0164383561644
33 31 289.12602739726026
33 32 252.7835616438356
33 34 288.33972602739726
33 35 298.64109589041095
33 36 306.4876712328767
33 37 200.4986301369863
34 0 272.3041095890411
34 1 326.25753424657535
34 2 182.07397260273973
34 3 302.5989010989011
34 4 326.2
34 5 311.7945205479452
34 6 263.2958904109589
34 7 183.35342465753425
34 8 204.5013698630137
34 9 140.8986301369863
34 10 264.0301369863014
34 11 174.77260273972604
34 12 137.4958904109589
34 13 155.93424657534246
34 14 177.07397260273973
34 15 136.83835616438355
34 16 165.14794520547946
34 17 199.95616438356166
34 18 258.37808219178083
34 19 183.6931506849315
34 20 167.78630136986303
34 21 147.96712328767123
34 22 143.42465753424656
34 23 140.44383561643835
34 24 238.0054794520548
34 25 293.1205479452055
34 26 157.75068493150684
34 27 147.35890410958905
34 28 141.67945205479452
34 29 182.2821917808219
34 30 190.7780821917808
34 31 192.21917808219177
34 32 199.92328767123288
34 33 202.04657534246576
34 35 308.54794520547944
34 36 314.4821917808219
34 37 192.93698630136987
35 0 796.3726027397261
35 1 893.2356164383561
35 2 394.0082191780822
35 3 941.8901098901099
35 4 1077.5232876712328
35 5 339.16438356164383
35 6 1164.490410958904
35 7 422.8109589041096
35 8 475.5643835616438
35 9 276.4767123287671
35 10 624.5342465753424
35 11 361.94794520547947
35 12 244.26575342465753
35 13 301.67397260273975
35 14 395.1945205479452
35 15 258.22739726027396
35 16 331.05479452054794
35 17 456.0109589041096
35 18 638.0904109589042
35 19 473.46849315068494
35 20 343.08264462809916
35 21 295.02465753424656
35 22 250.3890410958904
35 23 277.31780821917806
35 24 736.2904109589041
35 25 822.7369863013698
35 26 329.3068493150685
35 27 278.0986301369863
35 28 266.586301369863
35 29 597.3150684931506
35 30 465.27671232876713
35 31 415.586301369863
35 32 402.0301369863014
35 33 426.1698630136986
35 34 632.0712328767123
35 36 1374.8520547945207
35 37 723.8794520547946
36 0 149.95342465753424
36 1 181.96986301369864
36 2 121.75342465753425
36 3 153.26575342465753
36 4 164.23013698630137
36 5 117.72328767123288
36 6 179.27671232876713
36 7 115.65205479452055
36 8 130.56164383561645
36 9 94.25753424657535
36 10 147.5041095890411
36 11 113.35890410958905
36 12 89.54794520547945
36 13 105.11780821917809
36 14 118.06575342465753
36 15 78.76164383561644
36 16 96.35890410958905
36 17 121.01643835616439
36 18 139.6904109589041
36 19 116.44109589041096
36 20 114.78082191780823
36 21 97.42739726027398
36 22 98.1972602739726
36 23 88.1945205479452
36 24 137.14794520547946
36 25 155.7890410958904
36 26 98.71232876712328
36 27 88.53972602739726
36 28 84.92876712328767
36 29 120.40547945205479
36 30 117.14520547945206
36 31 123.38356164383562
36 32 122.8
36 33 126.42739726027398
36 34 139.87123287671233
36 35 264.9808219178082
36 37 282.24931506849316
37 0 87.37808219178082
37 1 100.64931506849315
37 2 48.33972602739726
37 3 96.27671232876712
37 4 102.4931506849315
37 5 36.205479452054796
37 6 111.36712328767123
37 7 42.72054794520548
37 8 61.76164383561644
37 9 25.101369863013698
37 10 85.66575342465754
37 11 39.90684931506849
37 12 17.8
37 13 22.526027397260275
37 14 41.76164383561644
37 15 19.383561643835616
37 16 23.545205479452054
37 17 54.515068493150686
37 18 80.0
37 19 44.11232876712329
37 20 34.66575342465753
37 21 25.55068493150685
37 22 26.95068493150685
37 23 20.671232876712327
37 24 72.94520547945206
37 25 92.76164383561644
37 26 20.53150684931507
37 27 15.33972602739726
37 28 16.063013698630137
37 29 49.93150684931507
37 30 43.79178082191781
37 31 45.679452054794524
37 32 49.92876712328767
37 33 54.18356164383562
37 34 63.0027397260274
37 35 108.87397260273973
37 36 133.93698630136987
