0 1 9
0 2 1
0 3 8
0 4 9
0 5 13
0 6 14
0 7 10
0 8 5
0 9 15
0 10 11
0 11 9
0 12 3
0 13 4
0 14 10
0 15 8
0 16 6
0 17 11
0 18 9
0 19 12
0 20 4
0 21 2
0 22 3
0 23 7
0 24 10
0 25 6
0 26 7
0 27 4
0 28 5
0 29 12
0 30 6
0 31 5
0 32 11
0 33 6
0 34 15
0 35 16
1 0 9
1 2 8
1 3 10
1 4 12
1 5 5
1 6 8
1 7 11
1 8 13
1 9 13
1 10 2
1 11 5
1 12 10
1 13 6
1 14 13
1 15 15
1 16 13
1 17 5
1 18 4
1 19 11
1 20 12
1 21 8
1 22 9
1 23 14
1 24 7
1 25 10
1 26 14
1 27 11
1 28 13
1 29 7
1 30 7
1 31 13
1 32 2
1 33 5
1 34 7
1 35 9
2 0 1
2 1 8
2 3 9
2 4 10
2 5 13
2 6 15
2 7 11
2 8 5
2 9 16
2 10 10
2 11 8
2 12 4
2 13 3
2 14 11
2 15 9
2 16 7
2 17 11
2 18 8
2 19 13
2 20 4
2 21 3
2 22 4
2 23 8
2 24 11
2 25 7
2 26 8
2 27 5
2 28 5
2 29 12
2 30 6
2 31 5
2 32 10
2 33 5
2 34 15
2 35 16
3 0 8
3 1 10
3 2 9
3 4 2
3 5 8
3 6 6
3 7 2
3 8 12
3 9 7
3 10 8
3 11 5
3 12 7
3 13 8
3 14 3
3 15 6
3 16 5
3 17 6
3 18 7
3 19 4
3 20 11
3 21 6
3 22 6
3 23 7
3 24 4
3 25 2
3 26 6
3 27 6
3 28 12
3 29 4
3 30 4
3 31 13
3 32 10
3 33 10
3 34 9
3 35 8
4 0 9
4 1 12
4 2 10
4 3 2
4 5 10
4 6 8
4 7 4
4 8 12
4 9 9
4 10 10
4 11 7
4 12 7
4 13 10
4 14 3
4 15 5
4 16 4
4 17 8
4 18 9
4 19 6
4 20 11
4 21 8
4 22 7
4 23 5
4 24 6
4 25 4
4 26 4
4 27 6
4 28 12
4 29 6
4 30 6
4 31 13
4 32 12
4 33 12
4 34 11
4 35 10
5 0 13
5 1 5
5 2 13
5 3 8
5 4 10
5 6 4
5 7 9
5 8 17
5 9 9
5 10 3
5 11 5
5 12 12
5 13 11
5 14 10
5 15 14
5 16 12
5 17 3
5 18 5
5 19 7
5 20 16
5 21 11
5 22 11
5 23 15
5 24 5
5 25 8
5 26 13
5 27 12
5 28 17
5 29 4
5 30 8
5 31 18
5 32 4
5 33 10
5 34 2
5 35 5
6 0 14
6 1 8
6 2 15
6 3 6
6 4 8
6 5 4
6 7 7
6 8 18
6 9 5
6 10 6
6 11 7
6 12 13
6 13 13
6 14 8
6 15 12
6 16 11
6 17 4
6 18 7
6 19 5
6 20 17
6 21 12
6 22 12
6 23 13
6 24 7
6 25 8
6 26 12
6 27 12
6 28 18
6 29 4
6 30 10
6 31 19
6 32 7
6 33 12
6 34 5
6 35 2
7 0 10
7 1 11
7 2 11
7 3 2
7 4 4
7 5 9
7 6 7
7 8 14
7 9 7
7 10 9
7 11 7
7 12 9
7 13 10
7 14 3
7 15 6
7 16 7
7 17 7
7 18 9
7 19 3
7 20 13
7 21 8
7 22 8
7 23 7
7 24 6
7 25 4
7 26 7
7 27 8
7 28 14
7 29 5
7 30 6
7 31 15
7 32 11
7 33 12
7 34 10
7 35 9
8 0 5
8 1 13
8 2 5
8 3 12
8 4 12
8 5 17
8 6 18
8 7 14
8 9 19
8 10 15
8 11 13
8 12 5
8 13 8
8 14 13
8 15 11
8 16 9
8 17 15
8 18 13
8 19 16
8 20 3
8 21 6
8 22 7
8 23 10
8 24 14
8 25 10
8 26 10
8 27 7
8 28 1
8 29 16
8 30 10
8 31 4
8 32 15
8 33 10
8 34 19
8 35 20
9 0 15
9 1 13
9 2 16
9 3 7
9 4 9
9 5 9
9 6 5
9 7 7
9 8 19
9 10 11
9 11 10
9 12 14
9 13 15
9 14 7
9 15 11
9 16 12
9 17 9
9 18 11
9 19 4
9 20 18
9 21 13
9 22 13
9 23 12
9 24 8
9 25 9
9 26 12
9 27 13
9 28 19
9 29 7
9 30 11
9 31 20
9 32 12
9 33 15
9 34 10
9 35 7
10 0 11
10 1 2
10 2 10
10 3 8
10 4 10
10 5 3
10 6 6
10 7 9
10 8 15
10 9 11
10 11 3
10 12 12
10 13 8
10 14 11
10 15 14
10 16 12
10 17 3
10 18 2
10 19 9
10 20 14
10 21 10
10 22 10
10 23 15
10 24 5
10 25 8
10 26 13
10 27 12
10 28 15
10 29 5
10 30 8
10 31 15
10 32 2
10 33 7
10 34 5
10 35 7
11 0 9
11 1 5
11 2 8
11 3 5
11 4 7
11 5 5
11 6 7
11 7 7
11 8 13
11 9 10
11 10 3
11 12 9
11 13 6
11 14 8
11 15 11
11 16 9
11 17 3
11 18 2
11 19 8
11 20 12
11 21 8
11 22 8
11 23 12
11 24 3
11 25 5
11 26 10
11 27 9
11 28 13
11 29 4
11 30 5
11 31 13
11 32 5
11 33 5
11 34 7
11 35 8
12 0 3
12 1 10
12 2 4
12 3 7
12 4 7
12 5 12
12 6 13
12 7 9
12 8 5
12 9 14
12 10 12
12 11 9
12 13 5
12 14 8
12 15 6
12 16 4
12 17 10
12 18 10
12 19 11
12 20 4
12 21 2
12 22 2
12 23 5
12 24 9
12 25 5
12 26 5
12 27 2
12 28 5
12 29 11
12 30 6
12 31 6
12 32 12
12 33 7
12 34 14
12 35 15
13 0 4
13 1 6
13 2 3
13 3 8
13 4 10
13 5 11
13 6 13
13 7 10
13 8 8
13 9 15
13 10 8
13 11 6
13 12 5
13 14 11
13 15 10
13 16 8
13 17 9
13 18 6
13 19 12
13 20 7
13 21 3
13 22 4
13 23 9
13 24 9
13 25 6
13 26 9
13 27 6
13 28 8
13 29 10
13 30 4
13 31 8
13 32 8
13 33 3
13 34 13
13 35 14
14 0 10
14 1 13
14 2 11
14 3 3
14 4 3
14 5 10
14 6 8
14 7 3
14 8 13
14 9 7
14 10 11
14 11 8
14 12 8
14 13 11
14 15 4
14 16 6
14 17 9
14 18 10
14 19 3
14 20 12
14 21 9
14 22 9
14 23 5
14 24 7
14 25 5
14 26 5
14 27 7
14 28 13
14 29 7
14 30 7
14 31 14
14 32 13
14 33 13
14 34 11
14 35 10
15 0 8
15 1 15
15 2 9
15 3 6
15 4 5
15 5 14
15 6 12
15 7 6
15 8 11
15 9 11
15 10 14
15 11 11
15 12 6
15 13 10
15 14 4
15 16 5
15 17 12
15 18 13
15 19 7
15 20 10
15 21 7
15 22 7
15 23 3
15 24 10
15 25 7
15 26 4
15 27 5
15 28 11
15 29 10
15 30 10
15 31 12
15 32 16
15 33 12
15 34 15
15 35 14
16 0 6
16 1 13
16 2 7
16 3 5
16 4 4
16 5 12
16 6 11
16 7 7
16 8 9
16 9 12
16 10 12
16 11 9
16 12 4
16 13 8
16 14 6
16 15 5
16 17 10
16 18 11
16 19 9
16 20 8
16 21 5
16 22 5
16 23 5
16 24 9
16 25 4
16 26 2
16 27 3
16 28 9
16 29 9
16 30 7
16 31 10
16 32 14
16 33 10
16 34 14
16 35 13
17 0 11
17 1 5
17 2 11
17 3 6
17 4 8
17 5 3
17 6 4
17 7 7
17 8 15
17 9 9
17 10 3
17 11 3
17 12 10
17 13 9
17 14 9
17 15 12
17 16 10
17 18 4
17 19 7
17 20 14
17 21 9
17 22 9
17 23 13
17 24 3
17 25 6
17 26 11
17 27 10
17 28 15
17 29 2
17 30 6
17 31 16
17 32 5
17 33 8
17 34 4
17 35 5
18 0 9
18 1 4
18 2 8
18 3 7
18 4 9
18 5 5
18 6 7
18 7 9
18 8 13
18 9 11
18 10 2
18 11 2
18 12 10
18 13 6
18 14 10
18 15 13
18 16 11
18 17 4
18 19 9
18 20 12
18 21 8
18 22 8
18 23 14
18 24 5
18 25 7
18 26 12
18 27 11
18 28 13
18 29 5
18 30 6
18 31 13
18 32 4
18 33 5
18 34 7
18 35 8
19 0 12
19 1 11
19 2 13
19 3 4
19 4 6
19 5 7
19 6 5
19 7 3
19 8 16
19 9 4
19 10 9
19 11 8
19 12 11
19 13 12
19 14 3
19 15 7
19 16 9
19 17 7
19 18 9
19 20 15
19 21 10
19 22 10
19 23 8
19 24 6
19 25 6
19 26 8
19 27 10
19 28 16
19 29 5
19 30 8
19 31 17
19 32 10
19 33 13
19 34 8
19 35 7
20 0 4
20 1 12
20 2 4
20 3 11
20 4 11
20 5 16
20 6 17
20 7 13
20 8 3
20 9 18
20 10 14
20 11 12
20 12 4
20 13 7
20 14 12
20 15 10
20 16 8
20 17 14
20 18 12
20 19 15
20 21 5
20 22 6
20 23 9
20 24 13
20 25 9
20 26 9
20 27 6
20 28 3
20 29 15
20 30 9
20 31 2
20 32 14
20 33 9
20 34 18
20 35 19
21 0 2
21 1 8
21 2 3
21 3 6
21 4 8
21 5 11
21 6 12
21 7 8
21 8 6
21 9 13
21 10 10
21 11 8
21 12 2
21 13 3
21 14 9
21 15 7
21 16 5
21 17 9
21 18 8
21 19 10
21 20 5
21 22 2
21 23 6
21 24 8
21 25 4
21 26 6
21 27 3
21 28 6
21 29 10
21 30 4
21 31 7
21 32 10
21 33 6
21 34 13
21 35 14
22 0 3
22 1 9
22 2 4
22 3 6
22 4 7
22 5 11
22 6 12
22 7 8
22 8 7
22 9 13
22 10 10
22 11 8
22 12 2
22 13 4
22 14 9
22 15 7
22 16 5
22 17 9
22 18 8
22 19 10
22 20 6
22 21 2
22 23 6
22 24 8
22 25 4
22 26 6
22 27 3
22 28 7
22 29 10
22 30 4
22 31 8
22 32 11
22 33 7
22 34 13
22 35 14
23 0 7
23 1 14
23 2 8
23 3 7
23 4 5
23 5 15
23 6 13
23 7 7
23 8 10
23 9 12
23 10 15
23 11 12
23 12 5
23 13 9
23 14 5
23 15 3
23 16 5
23 17 13
23 18 14
23 19 8
23 20 9
23 21 6
23 22 6
23 24 11
23 25 7
23 26 4
23 27 4
23 28 10
23 29 11
23 30 10
23 31 11
23 32 16
23 33 11
23 34 16
23 35 15
24 0 10
24 1 7
24 2 11
24 3 4
24 4 6
24 5 5
24 6 7
24 7 6
24 8 14
24 9 8
24 10 5
24 11 3
24 12 9
24 13 9
24 14 7
24 15 10
24 16 9
24 17 3
24 18 5
24 19 6
24 20 13
24 21 8
24 22 8
24 23 11
24 25 5
24 26 10
24 27 9
24 28 14
24 29 3
24 30 5
24 31 15
24 32 7
24 33 8
24 34 7
24 35 8
25 0 6
25 1 10
25 2 7
25 3 2
25 4 4
25 5 8
25 6 8
25 7 4
25 8 10
25 9 9
25 10 8
25 11 5
25 12 5
25 13 6
25 14 5
25 15 7
25 16 4
25 17 6
25 18 7
25 19 6
25 20 9
25 21 4
25 22 4
25 23 7
25 24 5
25 26 5
25 27 4
25 28 10
25 29 6
25 30 4
25 31 11
25 32 10
25 33 9
25 34 10
25 35 10
26 0 7
26 1 14
26 2 8
26 3 6
26 4 4
26 5 13
26 6 12
26 7 7
26 8 10
26 9 12
26 10 13
26 11 10
26 12 5
26 13 9
26 14 5
26 15 4
26 16 2
26 17 11
26 18 12
26 19 8
26 20 9
26 21 6
26 22 6
26 23 4
26 24 10
26 25 5
26 27 4
26 28 10
26 29 10
26 30 9
26 31 11
26 32 15
26 33 11
26 34 15
26 35 14
27 0 4
27 1 11
27 2 5
27 3 6
27 4 6
27 5 12
27 6 12
27 7 8
27 8 7
27 9 13
27 10 12
27 11 9
27 12 2
27 13 6
27 14 7
27 15 5
27 16 3
27 17 10
27 18 11
27 19 10
27 20 6
27 21 3
27 22 3
27 23 4
27 24 9
27 25 4
27 26 4
27 28 7
27 29 10
27 30 7
27 31 8
27 32 13
27 33 8
27 34 14
27 35 14
28 0 5
28 1 13
28 2 5
28 3 12
28 4 12
28 5 17
28 6 18
28 7 14
28 8 1
28 9 19
28 10 15
28 11 13
28 12 5
28 13 8
28 14 13
28 15 11
28 16 9
28 17 15
28 18 13
28 19 16
28 20 3
28 21 6
28 22 7
28 23 10
28 24 14
28 25 10
28 26 10
28 27 7
28 29 16
28 30 10
28 31 4
28 32 15
28 33 10
28 34 19
28 35 20
29 0 12
29 1 7
29 2 12
29 3 4
29 4 6
29 5 4
29 6 4
29 7 5
29 8 16
29 9 7
29 10 5
29 11 4
29 12 11
29 13 10
29 14 7
29 15 10
29 16 9
29 17 2
29 18 5
29 19 5
29 20 15
29 21 10
29 22 10
29 23 11
29 24 3
29 25 6
29 26 10
29 27 10
29 28 16
29 30 7
29 31 17
29 32 6
29 33 9
29 34 5
29 35 5
30 0 6
30 1 7
30 2 6
30 3 4
30 4 6
30 5 8
30 6 10
30 7 6
30 8 10
30 9 11
30 10 8
30 11 5
30 12 6
30 13 4
30 14 7
30 15 10
30 16 7
30 17 6
30 18 6
30 19 8
30 20 9
30 21 4
30 22 4
30 23 10
30 24 5
30 25 4
30 26 9
30 27 7
30 28 10
30 29 7
30 31 11
30 32 9
30 33 6
30 34 10
30 35 11
31 0 5
31 1 13
31 2 5
31 3 13
31 4 13
31 5 18
31 6 19
31 7 15
31 8 4
31 9 20
31 10 15
31 11 13
31 12 6
31 13 8
31 14 14
31 15 12
31 16 10
31 17 16
31 18 13
31 19 17
31 20 2
31 21 7
31 22 8
31 23 11
31 24 15
31 25 11
31 26 11
31 27 8
31 28 4
31 29 17
31 30 11
31 32 15
31 33 10
31 34 20
31 35 21
32 0 11
32 1 2
32 2 10
32 3 10
32 4 12
32 5 4
32 6 7
32 7 11
32 8 15
32 9 12
32 10 2
32 11 5
32 12 12
32 13 8
32 14 13
32 15 16
32 16 14
32 17 5
32 18 4
32 19 10
32 20 14
32 21 10
32 22 11
32 23 16
32 24 7
32 25 10
32 26 15
32 27 13
32 28 15
32 29 6
32 30 9
32 31 15
32 33 7
32 34 6
32 35 8
33 0 6
33 1 5
33 2 5
33 3 10
33 4 12
33 5 10
33 6 12
33 7 12
33 8 10
33 9 15
33 10 7
33 11 5
33 12 7
33 13 3
33 14 13
33 15 12
33 16 10
33 17 8
33 18 5
33 19 13
33 20 9
33 21 6
33 22 7
33 23 11
33 24 8
33 25 9
33 26 11
33 27 8
33 28 10
33 29 9
33 30 6
33 31 10
33 32 7
33 34 12
33 35 13
34 0 15
34 1 7
34 2 15
34 3 9
34 4 11
34 5 2
34 6 5
34 7 10
34 8 19
34 9 10
34 10 5
34 11 7
34 12 14
34 13 13
34 14 11
34 15 15
34 16 14
34 17 4
34 18 7
34 19 8
34 20 18
34 21 13
34 22 13
34 23 16
34 24 7
34 25 10
34 26 15
34 27 14
34 28 19
34 29 5
34 30 10
34 31 20
34 32 6
34 33 12
34 35 5
35 0 16
35 1 9
35 2 16
35 3 8
35 4 10
35 5 5
35 6 2
35 7 9
35 8 20
35 9 7
35 10 7
35 11 8
35 12 15
35 13 14
35 14 10
35 15 14
35 16 13
35 17 5
35 18 8
35 19 7
35 20 19
35 21 14
35 22 14
35 23 15
35 24 8
35 25 10
35 26 14
35 27 14
35 28 20
35 29 5
35 30 11
35 31 21
35 32 8
35 33 13
35 34 5
